; ******************
; * Box hat filter *
; ******************
;
; This file contains measured filter profiles in the '.dat' ASCII format that is used by
; the Stark spectrum simulation code (as read by 'read_txt.pro': comment ';'-lines and
; empty lines are ignored, the other lines are assumed to be [space], [tab], ',' or ';' separated
; lists of floating point numbers).
;
; The first row contains the filter partnumbers (long integer). First element is the number of filters.
; The second row contains the measured CWL in [A]. First element is 0.
; The third row contains the measured FWHM in [A]. First element is 0.
; The fourth row contains the measured peak transmission. First element is 0.
; The following rows contain the filter transmission curve. First column contains the wavelengths in [A].
;
      1            1
      0       6600.0
      0         10.0
      0        0.984
6575.00      0.00000
6575.05      0.00000
6575.10      0.00000
6575.15      0.00000
6575.20      0.00000
6575.25      0.00000
6575.30      0.00000
6575.35      0.00000
6575.40      0.00000
6575.45      0.00000
6575.50      0.00000
6575.55      0.00000
6575.60      0.00000
6575.65      0.00000
6575.70      0.00000
6575.75      0.00000
6575.80      0.00000
6575.85      0.00000
6575.90      0.00000
6575.95      0.00000
6576.00      0.00000
6576.05      0.00000
6576.10      0.00000
6576.15      0.00000
6576.20      0.00000
6576.25      0.00000
6576.30      0.00000
6576.35      0.00000
6576.40      0.00000
6576.45      0.00000
6576.50      0.00000
6576.55      0.00000
6576.60      0.00000
6576.65      0.00000
6576.70      0.00000
6576.75      0.00000
6576.80      0.00000
6576.85      0.00000
6576.90      0.00000
6576.95      0.00000
6577.00      0.00000
6577.05      0.00000
6577.10      0.00000
6577.15      0.00000
6577.20      0.00000
6577.25      0.00000
6577.30      0.00000
6577.35      0.00000
6577.40      0.00000
6577.45      0.00000
6577.50      0.00000
6577.55      0.00000
6577.60      0.00000
6577.65      0.00000
6577.70      0.00000
6577.75      0.00000
6577.80      0.00000
6577.85      0.00000
6577.90      0.00000
6577.95      0.00000
6578.00      0.00000
6578.05      0.00000
6578.10      0.00000
6578.15      0.00000
6578.20      0.00000
6578.25      0.00000
6578.30      0.00000
6578.35      0.00000
6578.40      0.00000
6578.45      0.00000
6578.50      0.00000
6578.55      0.00000
6578.60      0.00000
6578.65      0.00000
6578.70      0.00000
6578.75      0.00000
6578.80      0.00000
6578.85      0.00000
6578.90      0.00000
6578.95      0.00000
6579.00      0.00000
6579.05      0.00000
6579.10      0.00000
6579.15      0.00000
6579.20      0.00000
6579.25      0.00000
6579.30      0.00000
6579.35      0.00000
6579.40      0.00000
6579.45      0.00000
6579.50      0.00000
6579.55      0.00000
6579.60      0.00000
6579.65      0.00000
6579.70      0.00000
6579.75      0.00000
6579.80      0.00000
6579.85      0.00000
6579.90      0.00000
6579.95      0.00000
6580.00      0.00000
6580.05      0.00000
6580.10      0.00000
6580.15      0.00000
6580.20      0.00000
6580.25      0.00000
6580.30      0.00000
6580.35      0.00000
6580.40      0.00000
6580.45      0.00000
6580.50      0.00000
6580.55      0.00000
6580.60      0.00000
6580.65      0.00000
6580.70      0.00000
6580.75      0.00000
6580.80      0.00000
6580.85      0.00000
6580.90      0.00000
6580.95      0.00000
6581.00      0.00000
6581.05      0.00000
6581.10      0.00000
6581.15      0.00000
6581.20      0.00000
6581.25      0.00000
6581.30      0.00000
6581.35      0.00000
6581.40      0.00000
6581.45      0.00000
6581.50      0.00000
6581.55      0.00000
6581.60      0.00000
6581.65      0.00000
6581.70      0.00000
6581.75      0.00000
6581.80      0.00000
6581.85      0.00000
6581.90      0.00000
6581.95      0.00000
6582.00      0.00000
6582.05      0.00000
6582.10      0.00000
6582.15      0.00000
6582.20      0.00000
6582.25      0.00000
6582.30      0.00000
6582.35      0.00000
6582.40      0.00000
6582.45      0.00000
6582.50      0.00000
6582.55      0.00000
6582.60      0.00000
6582.65      0.00000
6582.70      0.00000
6582.75      0.00000
6582.80      0.00000
6582.85      0.00000
6582.90      0.00000
6582.95      0.00000
6583.00      0.00000
6583.05      0.00000
6583.10      0.00000
6583.15      0.00000
6583.20      0.00000
6583.25      0.00000
6583.30      0.00000
6583.35      0.00000
6583.40      0.00000
6583.45      0.00000
6583.50      0.00000
6583.55      0.00000
6583.60      0.00000
6583.65      0.00000
6583.70      0.00000
6583.75      0.00000
6583.80      0.00000
6583.85      0.00000
6583.90      0.00000
6583.95      0.00000
6584.00      0.00000
6584.05      0.00000
6584.10      0.00000
6584.15      0.00000
6584.20      0.00000
6584.25      0.00000
6584.30      0.00000
6584.35      0.00000
6584.40      0.00000
6584.45      0.00000
6584.50      0.00000
6584.55      0.00000
6584.60      0.00000
6584.65      0.00000
6584.70      0.00000
6584.75      0.00000
6584.80      0.00000
6584.85      0.00000
6584.90      0.00000
6584.95      0.00000
6585.00      0.00000
6585.05      0.00000
6585.10      0.00000
6585.15      0.00000
6585.20      0.00000
6585.25      0.00000
6585.30      0.00000
6585.35      0.00000
6585.40      0.00000
6585.45      0.00000
6585.50      0.00000
6585.55      0.00000
6585.60      0.00000
6585.65      0.00000
6585.70      0.00000
6585.75      0.00000
6585.80      0.00000
6585.85      0.00000
6585.90      0.00000
6585.95      0.00000
6586.00      0.00000
6586.05      0.00000
6586.10      0.00000
6586.15      0.00000
6586.20      0.00000
6586.25      0.00000
6586.30      0.00000
6586.35      0.00000
6586.40      0.00000
6586.45      0.00000
6586.50      0.00000
6586.55      0.00000
6586.60      0.00000
6586.65      0.00000
6586.70      0.00000
6586.75      0.00000
6586.80      0.00000
6586.85      0.00000
6586.90      0.00000
6586.95      0.00000
6587.00      0.00000
6587.05      0.00000
6587.10      0.00000
6587.15      0.00000
6587.20      0.00000
6587.25      0.00000
6587.30      0.00000
6587.35      0.00000
6587.40      0.00000
6587.45      0.00000
6587.50      0.00000
6587.55      0.00000
6587.60      0.00000
6587.65      0.00000
6587.70      0.00000
6587.75      0.00000
6587.80      0.00000
6587.85      0.00000
6587.90      0.00000
6587.95      0.00000
6588.00      0.00000
6588.05      0.00000
6588.10      0.00000
6588.15      0.00000
6588.20      0.00000
6588.25      0.00000
6588.30      0.00000
6588.35      0.00000
6588.40      0.00000
6588.45      0.00000
6588.50      0.00000
6588.55      0.00000
6588.60      0.00000
6588.65      0.00000
6588.70      0.00000
6588.75      0.00000
6588.80  2.44141e-05
6588.85  7.34815e-05
6588.90  0.000146963
6588.95  0.000245098
6589.00  0.000367647
6589.05  0.000514610
6589.10  0.000686227
6589.15  0.000882257
6589.20   0.00110294
6589.25   0.00134804
6589.30   0.00161755
6589.35   0.00191172
6589.40   0.00223030
6589.45   0.00257353
6589.50   0.00294118
6589.55   0.00333324
6589.60   0.00374995
6589.65   0.00419108
6589.70   0.00465686
6589.75   0.00514706
6589.80   0.00566167
6589.85   0.00620093
6589.90   0.00676461
6589.95   0.00735294
6590.00   0.00796569
6590.05   0.00860285
6590.10   0.00926466
6590.15   0.00995088
6590.20    0.0106618
6590.25    0.0113971
6590.30    0.0121568
6590.35    0.0129411
6590.40    0.0137499
6590.45    0.0145833
6590.50    0.0154412
6590.55    0.0163234
6590.60    0.0172303
6590.65    0.0181617
6590.70    0.0191176
6590.75    0.0200980
6590.80    0.0211028
6590.85    0.0221323
6590.90    0.0231862
6590.95    0.0242647
6591.00    0.0253676
6591.05    0.0264950
6591.10    0.0276470
6591.15    0.0288234
6591.20    0.0300245
6591.25    0.0312500
6591.30    0.0324999
6591.35    0.0337500
6591.40    0.0350000
6591.45    0.0362501
6591.50    0.0375000
6591.55    0.0387499
6591.60    0.0400000
6591.65    0.0412500
6591.70    0.0425001
6591.75    0.0437500
6591.80    0.0449999
6591.85    0.0462500
6591.90    0.0475000
6591.95    0.0487501
6592.00    0.0500000
6592.05    0.0512499
6592.10    0.0525001
6592.15    0.0537500
6592.20    0.0550001
6592.25    0.0562500
6592.30    0.0574999
6592.35    0.0587500
6592.40    0.0600000
6592.45    0.0612501
6592.50    0.0625000
6592.55    0.0637499
6592.60    0.0650000
6592.65    0.0662500
6592.70    0.0675001
6592.75    0.0687500
6592.80    0.0703661
6592.85    0.0723523
6592.90    0.0747044
6592.95    0.0774266
6593.00    0.0805147
6593.05    0.0839691
6593.10    0.0877934
6593.15    0.0919838
6593.20    0.0965442
6593.25     0.101471
6593.30     0.106763
6593.35     0.112426
6593.40     0.118454
6593.45     0.124853
6593.50     0.131618
6593.55     0.138748
6593.60     0.146249
6593.65     0.154116
6593.70     0.162353
6593.75     0.170956
6593.80     0.179925
6593.85     0.189264
6593.90     0.198969
6593.95     0.209044
6594.00     0.219485
6594.05     0.230293
6594.10     0.241470
6594.15     0.253013
6594.20     0.264927
6594.25     0.277206
6594.30     0.289851
6594.35     0.302867
6594.40     0.316249
6594.45     0.330000
6594.50     0.344118
6594.55     0.358601
6594.60     0.373455
6594.65     0.388675
6594.70     0.404265
6594.75     0.420221
6594.80     0.436176
6594.85     0.452132
6594.90     0.468088
6594.95     0.484044
6595.00     0.500000
6595.05     0.515956
6595.10     0.531912
6595.15     0.547868
6595.20     0.563824
6595.25     0.579779
6595.30     0.595735
6595.35     0.611325
6595.40     0.626545
6595.45     0.641399
6595.50     0.655882
6595.55     0.670000
6595.60     0.683751
6595.65     0.697133
6595.70     0.710149
6595.75     0.722794
6595.80     0.735073
6595.85     0.746987
6595.90     0.758530
6595.95     0.769707
6596.00     0.780515
6596.05     0.790956
6596.10     0.801031
6596.15     0.810736
6596.20     0.820075
6596.25     0.829044
6596.30     0.837647
6596.35     0.845884
6596.40     0.853751
6596.45     0.861252
6596.50     0.868382
6596.55     0.875147
6596.60     0.881546
6596.65     0.887574
6596.70     0.893237
6596.75     0.898529
6596.80     0.903456
6596.85     0.908016
6596.90     0.912207
6596.95     0.916031
6597.00     0.919485
6597.05     0.922573
6597.10     0.925296
6597.15     0.927648
6597.20     0.929634
6597.25     0.931250
6597.30     0.932500
6597.35     0.933750
6597.40     0.935000
6597.45     0.936250
6597.50     0.937500
6597.55     0.938750
6597.60     0.940000
6597.65     0.941250
6597.70     0.942500
6597.75     0.943750
6597.80     0.945000
6597.85     0.946250
6597.90     0.947500
6597.95     0.948750
6598.00     0.950000
6598.05     0.951250
6598.10     0.952500
6598.15     0.953750
6598.20     0.955000
6598.25     0.956250
6598.30     0.957500
6598.35     0.958750
6598.40     0.960000
6598.45     0.961250
6598.50     0.962500
6598.55     0.963750
6598.60     0.965000
6598.65     0.966250
6598.70     0.967500
6598.75     0.968750
6598.80     0.969951
6598.85     0.971103
6598.90     0.972206
6598.95     0.973260
6599.00     0.974265
6599.05     0.975221
6599.10     0.976128
6599.15     0.976985
6599.20     0.977794
6599.25     0.978554
6599.30     0.979265
6599.35     0.979927
6599.40     0.980539
6599.45     0.981103
6599.50     0.981618
6599.55     0.982083
6599.60     0.982500
6599.65     0.982868
6599.70     0.983186
6599.75     0.983456
6599.80     0.983677
6599.85     0.983848
6599.90     0.983971
6599.95     0.984044
6600.00     0.984069
6600.05     0.984044
6600.10     0.983971
6600.15     0.983848
6600.20     0.983677
6600.25     0.983456
6600.30     0.983186
6600.35     0.982868
6600.40     0.982500
6600.45     0.982083
6600.50     0.981618
6600.55     0.981103
6600.60     0.980539
6600.65     0.979927
6600.70     0.979265
6600.75     0.978554
6600.80     0.977794
6600.85     0.976985
6600.90     0.976128
6600.95     0.975221
6601.00     0.974265
6601.05     0.973260
6601.10     0.972206
6601.15     0.971103
6601.20     0.969951
6601.25     0.968750
6601.30     0.967500
6601.35     0.966250
6601.40     0.965000
6601.45     0.963750
6601.50     0.962500
6601.55     0.961250
6601.60     0.960000
6601.65     0.958750
6601.70     0.957500
6601.75     0.956250
6601.80     0.955000
6601.85     0.953750
6601.90     0.952500
6601.95     0.951250
6602.00     0.950000
6602.05     0.948750
6602.10     0.947500
6602.15     0.946250
6602.20     0.945000
6602.25     0.943750
6602.30     0.942500
6602.35     0.941250
6602.40     0.940000
6602.45     0.938750
6602.50     0.937500
6602.55     0.936250
6602.60     0.935000
6602.65     0.933750
6602.70     0.932500
6602.75     0.931250
6602.80     0.929634
6602.85     0.927648
6602.90     0.925296
6602.95     0.922573
6603.00     0.919485
6603.05     0.916031
6603.10     0.912207
6603.15     0.908016
6603.20     0.903456
6603.25     0.898529
6603.30     0.893237
6603.35     0.887574
6603.40     0.881546
6603.45     0.875147
6603.50     0.868382
6603.55     0.861252
6603.60     0.853751
6603.65     0.845884
6603.70     0.837647
6603.75     0.829044
6603.80     0.820075
6603.85     0.810736
6603.90     0.801031
6603.95     0.790956
6604.00     0.780515
6604.05     0.769707
6604.10     0.758530
6604.15     0.746987
6604.20     0.735073
6604.25     0.722794
6604.30     0.710149
6604.35     0.697133
6604.40     0.683751
6604.45     0.670000
6604.50     0.655882
6604.55     0.641399
6604.60     0.626545
6604.65     0.611325
6604.70     0.595735
6604.75     0.579779
6604.80     0.563824
6604.85     0.547868
6604.90     0.531912
6604.95     0.515956
6605.00     0.500000
6605.05     0.484044
6605.10     0.468088
6605.15     0.452132
6605.20     0.436176
6605.25     0.420221
6605.30     0.404265
6605.35     0.388675
6605.40     0.373455
6605.45     0.358601
6605.50     0.344118
6605.55     0.330000
6605.60     0.316249
6605.65     0.302867
6605.70     0.289851
6605.75     0.277206
6605.80     0.264927
6605.85     0.253013
6605.90     0.241470
6605.95     0.230293
6606.00     0.219485
6606.05     0.209044
6606.10     0.198969
6606.15     0.189264
6606.20     0.179925
6606.25     0.170956
6606.30     0.162353
6606.35     0.154116
6606.40     0.146249
6606.45     0.138748
6606.50     0.131618
6606.55     0.124853
6606.60     0.118454
6606.65     0.112426
6606.70     0.106763
6606.75     0.101471
6606.80    0.0965442
6606.85    0.0919838
6606.90    0.0877935
6606.95    0.0839691
6607.00    0.0805147
6607.05    0.0774266
6607.10    0.0747044
6607.15    0.0723523
6607.20    0.0703661
6607.25    0.0687500
6607.30    0.0675001
6607.35    0.0662500
6607.40    0.0650000
6607.45    0.0637499
6607.50    0.0625000
6607.55    0.0612501
6607.60    0.0600000
6607.65    0.0587500
6607.70    0.0574999
6607.75    0.0562500
6607.80    0.0550001
6607.85    0.0537500
6607.90    0.0525000
6607.95    0.0512499
6608.00    0.0500000
6608.05    0.0487501
6608.10    0.0475000
6608.15    0.0462500
6608.20    0.0449999
6608.25    0.0437500
6608.30    0.0425001
6608.35    0.0412500
6608.40    0.0400000
6608.45    0.0387499
6608.50    0.0375000
6608.55    0.0362501
6608.60    0.0350000
6608.65    0.0337500
6608.70    0.0324999
6608.75    0.0312500
6608.80    0.0300245
6608.85    0.0288234
6608.90    0.0276470
6608.95    0.0264950
6609.00    0.0253676
6609.05    0.0242647
6609.10    0.0231862
6609.15    0.0221323
6609.20    0.0211028
6609.25    0.0200980
6609.30    0.0191176
6609.35    0.0181617
6609.40    0.0172303
6609.45    0.0163234
6609.50    0.0154412
6609.55    0.0145833
6609.60    0.0137499
6609.65    0.0129411
6609.70    0.0121568
6609.75    0.0113971
6609.80    0.0106618
6609.85   0.00995088
6609.90   0.00926466
6609.95   0.00860285
6610.00   0.00796569
6610.05   0.00735294
6610.10   0.00676461
6610.15   0.00620093
6610.20   0.00566167
6610.25   0.00514706
6610.30   0.00465686
6610.35   0.00419108
6610.40   0.00374995
6610.45   0.00333324
6610.50   0.00294118
6610.55   0.00257353
6610.60   0.00223030
6610.65   0.00191172
6610.70   0.00161755
6610.75   0.00134804
6610.80   0.00110294
6610.85  0.000882257
6610.90  0.000686227
6610.95  0.000514610
6611.00  0.000367647
6611.05  0.000245098
6611.10  0.000146963
6611.15  7.34816e-05
6611.20  2.44141e-05
6611.25      0.00000
6611.30      0.00000
6611.35      0.00000
6611.40      0.00000
6611.45      0.00000
6611.50      0.00000
6611.55      0.00000
6611.60      0.00000
6611.65      0.00000
6611.70      0.00000
6611.75      0.00000
6611.80      0.00000
6611.85      0.00000
6611.90      0.00000
6611.95      0.00000
6612.00      0.00000
6612.05      0.00000
6612.10      0.00000
6612.15      0.00000
6612.20      0.00000
6612.25      0.00000
6612.30      0.00000
6612.35      0.00000
6612.40      0.00000
6612.45      0.00000
6612.50      0.00000
6612.55      0.00000
6612.60      0.00000
6612.65      0.00000
6612.70      0.00000
6612.75      0.00000
6612.80      0.00000
6612.85      0.00000
6612.90      0.00000
6612.95      0.00000
6613.00      0.00000
6613.05      0.00000
6613.10      0.00000
6613.15      0.00000
6613.20      0.00000
6613.25      0.00000
6613.30      0.00000
6613.35      0.00000
6613.40      0.00000
6613.45      0.00000
6613.50      0.00000
6613.55      0.00000
6613.60      0.00000
6613.65      0.00000
6613.70      0.00000
6613.75      0.00000
6613.80      0.00000
6613.85      0.00000
6613.90      0.00000
6613.95      0.00000
6614.00      0.00000
6614.05      0.00000
6614.10      0.00000
6614.15      0.00000
6614.20      0.00000
6614.25      0.00000
6614.30      0.00000
6614.35      0.00000
6614.40      0.00000
6614.45      0.00000
6614.50      0.00000
6614.55      0.00000
6614.60      0.00000
6614.65      0.00000
6614.70      0.00000
6614.75      0.00000
6614.80      0.00000
6614.85      0.00000
6614.90      0.00000
6614.95      0.00000
6615.00      0.00000
6615.05      0.00000
6615.10      0.00000
6615.15      0.00000
6615.20      0.00000
6615.25      0.00000
6615.30      0.00000
6615.35      0.00000
6615.40      0.00000
6615.45      0.00000
6615.50      0.00000
6615.55      0.00000
6615.60      0.00000
6615.65      0.00000
6615.70      0.00000
6615.75      0.00000
6615.80      0.00000
6615.85      0.00000
6615.90      0.00000
6615.95      0.00000
6616.00      0.00000
6616.05      0.00000
6616.10      0.00000
6616.15      0.00000
6616.20      0.00000
6616.25      0.00000
6616.30      0.00000
6616.35      0.00000
6616.40      0.00000
6616.45      0.00000
6616.50      0.00000
6616.55      0.00000
6616.60      0.00000
6616.65      0.00000
6616.70      0.00000
6616.75      0.00000
6616.80      0.00000
6616.85      0.00000
6616.90      0.00000
6616.95      0.00000
6617.00      0.00000
6617.05      0.00000
6617.10      0.00000
6617.15      0.00000
6617.20      0.00000
6617.25      0.00000
6617.30      0.00000
6617.35      0.00000
6617.40      0.00000
6617.45      0.00000
6617.50      0.00000
6617.55      0.00000
6617.60      0.00000
6617.65      0.00000
6617.70      0.00000
6617.75      0.00000
6617.80      0.00000
6617.85      0.00000
6617.90      0.00000
6617.95      0.00000
6618.00      0.00000
6618.05      0.00000
6618.10      0.00000
6618.15      0.00000
6618.20      0.00000
6618.25      0.00000
6618.30      0.00000
6618.35      0.00000
6618.40      0.00000
6618.45      0.00000
6618.50      0.00000
6618.55      0.00000
6618.60      0.00000
6618.65      0.00000
6618.70      0.00000
6618.75      0.00000
6618.80      0.00000
6618.85      0.00000
6618.90      0.00000
6618.95      0.00000
6619.00      0.00000
6619.05      0.00000
6619.10      0.00000
6619.15      0.00000
6619.20      0.00000
6619.25      0.00000
6619.30      0.00000
6619.35      0.00000
6619.40      0.00000
6619.45      0.00000
6619.50      0.00000
6619.55      0.00000
6619.60      0.00000
6619.65      0.00000
6619.70      0.00000
6619.75      0.00000
6619.80      0.00000
6619.85      0.00000
6619.90      0.00000
6619.95      0.00000
6620.00      0.00000
6620.05      0.00000
6620.10      0.00000
6620.15      0.00000
6620.20      0.00000
6620.25      0.00000
6620.30      0.00000
6620.35      0.00000
6620.40      0.00000
6620.45      0.00000
6620.50      0.00000
6620.55      0.00000
6620.60      0.00000
6620.65      0.00000
6620.70      0.00000
6620.75      0.00000
6620.80      0.00000
6620.85      0.00000
6620.90      0.00000
6620.95      0.00000
6621.00      0.00000
6621.05      0.00000
6621.10      0.00000
6621.15      0.00000
6621.20      0.00000
6621.25      0.00000
6621.30      0.00000
6621.35      0.00000
6621.40      0.00000
6621.45      0.00000
6621.50      0.00000
6621.55      0.00000
6621.60      0.00000
6621.65      0.00000
6621.70      0.00000
6621.75      0.00000
6621.80      0.00000
6621.85      0.00000
6621.90      0.00000
6621.95      0.00000
6622.00      0.00000
6622.05      0.00000
6622.10      0.00000
6622.15      0.00000
6622.20      0.00000
6622.25      0.00000
6622.30      0.00000
6622.35      0.00000
6622.40      0.00000
6622.45      0.00000
6622.50      0.00000
6622.55      0.00000
6622.60      0.00000
6622.65      0.00000
6622.70      0.00000
6622.75      0.00000
6622.80      0.00000
6622.85      0.00000
6622.90      0.00000
6622.95      0.00000
6623.00      0.00000
6623.05      0.00000
6623.10      0.00000
6623.15      0.00000
6623.20      0.00000
6623.25      0.00000
6623.30      0.00000
6623.35      0.00000
6623.40      0.00000
6623.45      0.00000
6623.50      0.00000
6623.55      0.00000
6623.60      0.00000
6623.65      0.00000
6623.70      0.00000
6623.75      0.00000
6623.80      0.00000
6623.85      0.00000
6623.90      0.00000
6623.95      0.00000
6624.00      0.00000
6624.05      0.00000
6624.10      0.00000
6624.15      0.00000
6624.20      0.00000
6624.25      0.00000
6624.30      0.00000
6624.35      0.00000
6624.40      0.00000
6624.45      0.00000
6624.50      0.00000
6624.55      0.00000
6624.60      0.00000
6624.65      0.00000
6624.70      0.00000
6624.75      0.00000
6624.80      0.00000
6624.85      0.00000
6624.90      0.00000
6624.95      0.00000
6625.00      0.00000
