  EFIT++   03/19/19      # 87123.48309ms           0  65  65
 2.400000000e+00 4.050000000e+00 2.961596950e+00 1.650000000e+00 1.250000000e-01
 2.961596950e+00 2.008548836e-01-6.048937541e-01 3.893682084e-01-3.223067550e+00
-1.962341137e+06-6.048937541e-01 0.000000000e+00 2.961596950e+00 0.000000000e+00
 2.008548836e-01 0.000000000e+00 3.893682084e-01 0.000000000e+00 0.000000000e+00
-9.562200064e+00-9.553051513e+00-9.544140728e+00-9.535467883e+00-9.527032808e+00
-9.518834984e+00-9.510873544e+00-9.503147271e+00-9.495654597e+00-9.488393602e+00
-9.481362012e+00-9.474557202e+00-9.467976189e+00-9.461615637e+00-9.455471870e+00
-9.449540967e+00-9.443818829e+00-9.438301177e+00-9.432983559e+00-9.427861343e+00
-9.422929725e+00-9.418183723e+00-9.413618180e+00-9.409227769e+00-9.405006984e+00
-9.400950150e+00-9.397051418e+00-9.393304833e+00-9.389704578e+00-9.386245077e+00
-9.382921001e+00-9.379727267e+00-9.376659038e+00-9.373711727e+00-9.370880998e+00
-9.368162763e+00-9.365553187e+00-9.363048687e+00-9.360645934e+00-9.358341853e+00
-9.356133669e+00-9.354019021e+00-9.351995989e+00-9.350063095e+00-9.348219302e+00
-9.346464019e+00-9.344797098e+00-9.343218836e+00-9.341729973e+00-9.340331696e+00
-9.339025636e+00-9.337813871e+00-9.336698930e+00-9.335683983e+00-9.334773114e+00
-9.333971371e+00-9.333284764e+00-9.332720266e+00-9.332285809e+00-9.331990444e+00
-9.331844916e+00-9.331861910e+00-9.332055887e+00-9.332313652e+00-9.332313652e+00
 3.907030924e+04 3.715057896e+04 3.533040507e+04 3.360925004e+04 3.198621822e+04
 3.046005564e+04 2.902915004e+04 2.769153085e+04 2.644486919e+04 2.528647798e+04
 2.421331169e+04 2.322196674e+04 2.230868092e+04 2.146933408e+04 2.069946716e+04
 1.999440733e+04 1.934934849e+04 1.875935489e+04 1.821936152e+04 1.772417397e+04
 1.726846807e+04 1.684679048e+04 1.645355830e+04 1.608305903e+04 1.572945093e+04
 1.538676240e+04 1.504889421e+04 1.470979952e+04 1.436418078e+04 1.400777719e+04
 1.363737165e+04 1.325079032e+04 1.284690300e+04 1.242562300e+04 1.198790699e+04
 1.153575515e+04 1.107221129e+04 1.060136254e+04 1.012833962e+04 9.659305857e+03
 9.200972365e+03 8.759427542e+03 8.339832277e+03 7.946417749e+03 7.582485458e+03
 7.250407179e+03 6.951625026e+03 6.686651278e+03 6.455068700e+03 6.255530148e+03
 6.085758838e+03 5.942548438e+03 5.821722997e+03 5.717304128e+03 5.620228305e+03
 5.518142168e+03 5.395404094e+03 5.233079466e+03 5.008942345e+03 4.696940751e+03
 4.265156849e+03 3.674964229e+03 2.881588090e+03 0.000000000e+00 0.000000000e+00
-5.704134391e+00-5.552592997e+00-5.401253026e+00-5.250315902e+00-5.099983049e+00
-4.950455893e+00-4.801935859e+00-4.654624375e+00-4.508722868e+00-4.364432771e+00
-4.221955514e+00-4.081492534e+00-3.943245266e+00-3.807415007e+00-3.674172392e+00
-3.543619641e+00-3.415849725e+00-3.290955615e+00-3.169030288e+00-3.050166723e+00
-2.934457903e+00-2.821996816e+00-2.712876453e+00-2.607189810e+00-2.505029886e+00
-2.406489685e+00-2.311659550e+00-2.220526139e+00-2.132941427e+00-2.048748387e+00
-1.967790001e+00-1.889909251e+00-1.814949126e+00-1.742752616e+00-1.673162716e+00
-1.606022424e+00-1.541174741e+00-1.478462671e+00-1.417729219e+00-1.358813370e+00
-1.301493863e+00-1.245503066e+00-1.190572154e+00-1.136432303e+00-1.082814693e+00
-1.029450500e+00-9.760709042e-01-9.224070841e-01-8.681902181e-01-8.131514838e-01
-7.570220581e-01-6.995331162e-01-6.403893393e-01-5.790996110e-01-5.150850558e-01
-4.477663811e-01-3.765642900e-01-3.008994809e-01-2.201863294e-01-1.335936302e-01
-3.997115978e-02 6.185107582e-02 1.727127509e-01 0.000000000e+00 0.000000000e+00
-1.267817514e+05-1.203637648e+05-1.139688405e+05-1.076200408e+05-1.013404282e+05
-9.515306516e+04-8.908101423e+04-8.314733818e+04-7.737509993e+04-7.178736258e+04
-6.640718950e+04-6.125764427e+04-5.636179080e+04-5.174267366e+04-4.741917305e+04
-4.340087761e+04-3.969611909e+04-3.631322962e+04-3.326054173e+04-3.054638839e+04
-2.817910294e+04-2.616701920e+04-2.451847142e+04-2.324179428e+04-2.234532294e+04
-2.183739305e+04-2.172553531e+04-2.198597098e+04-2.255424898e+04-2.336320041e+04
-2.434565669e+04-2.543444940e+04-2.656241032e+04-2.766237122e+04-2.866716387e+04
-2.950961991e+04-3.012257078e+04-3.043884763e+04-3.039128124e+04-2.991727455e+04
-2.902264962e+04-2.776589754e+04-2.620686384e+04-2.440539365e+04-2.242133180e+04
-2.031452288e+04-1.814481135e+04-1.597204158e+04-1.385605794e+04-1.185670487e+04
-1.003382694e+04-8.447268967e+03-7.169839186e+03-6.370151953e+03-6.259762629e+03
-7.050429982e+03-8.953913903e+03-1.218197567e+04-1.694874053e+04-2.356017102e+04
-3.244152933e+04-4.402546577e+04-5.862006737e+04 0.000000000e+00 0.000000000e+00
 6.866783861e-01 6.721806932e-01 6.579668345e-01 6.439405664e-01 6.299959355e-01
 6.160231665e-01 6.019125032e-01 5.875560643e-01 5.728477750e-01 5.576813747e-01
 5.419463718e-01 5.255215866e-01 5.082655028e-01 4.900018851e-01 4.704975931e-01
 4.494260324e-01 4.263007292e-01 4.003365729e-01 3.700894025e-01 3.320641072e-01
 2.921588229e-01 2.586748863e-01 2.326951804e-01 2.151573282e-01 2.054956132e-01
 2.030779744e-01 2.088569951e-01 2.182327288e-01 2.122301082e-01 1.934836382e-01
 1.891567219e-01 1.977374694e-01 2.169573374e-01 2.471207391e-01 2.908252063e-01
 3.473446421e-01 4.196763002e-01 4.805597260e-01 5.336332463e-01 5.823568161e-01
 6.282608605e-01 6.721483240e-01 7.144518820e-01 7.553845196e-01 7.950251870e-01
 8.333848646e-01 8.704648679e-01 9.063021290e-01 9.409917231e-01 9.746837843e-01
 1.007562516e+00 1.039820216e+00 1.071636258e+00 1.103164644e+00 1.134529230e+00
 1.165824238e+00 1.197117718e+00 1.228456209e+00 1.259869546e+00 1.291375223e+00
 1.322982101e+00 1.354693416e+00 1.386509135e+00 1.418427748e+00 1.450447580e+00
 6.966242269e-01 6.816864102e-01 6.668834317e-01 6.521620875e-01 6.374570829e-01
 6.226951987e-01 6.077982747e-01 5.926849195e-01 5.772709026e-01 5.614681841e-01
 5.451825021e-01 5.283093488e-01 5.107279688e-01 4.922926948e-01 4.728210404e-01
 4.520788163e-01 4.297645765e-01 4.055064730e-01 3.789325877e-01 3.499984765e-01
 3.196824055e-01 2.917179843e-01 2.695964104e-01 2.534750671e-01 2.431612210e-01
 2.385222542e-01 2.390735179e-01 2.412026848e-01 2.391659094e-01 2.349619763e-01
 2.366783411e-01 2.469816570e-01 2.664005145e-01 2.954882894e-01 3.350484986e-01
 3.842835797e-01 4.362865936e-01 4.871410672e-01 5.358328972e-01 5.824941278e-01
 6.275275349e-01 6.712568892e-01 7.138469143e-01 7.552942584e-01 7.954504778e-01
 8.340904986e-01 8.710248263e-01 9.062064147e-01 9.397732997e-01 9.720100300e-01
 1.003263616e+00 1.033869230e+00 1.064110607e+00 1.094208152e+00 1.124322069e+00
 1.154562131e+00 1.184999120e+00 1.215675369e+00 1.246613370e+00 1.277822381e+00
 1.309303295e+00 1.341052158e+00 1.373062662e+00 1.405327886e+00 1.437841472e+00
 7.050918832e-01 6.898537243e-01 6.746455216e-01 6.594415300e-01 6.442048568e-01
 6.288902666e-01 6.134464205e-01 5.978174467e-01 5.819438045e-01 5.657624577e-01
 5.492064315e-01 5.322039636e-01 5.146781733e-01 4.965472192e-01 4.777207212e-01
 4.581052067e-01 4.376253617e-01 4.162715620e-01 3.941858834e-01 3.718017234e-01
 3.499828592e-01 3.299639493e-01 3.129025344e-01 2.994802865e-01 2.899227873e-01
 2.840898037e-01 2.814364108e-01 2.810757062e-01 2.824450844e-01 2.861552293e-01
 2.937392560e-01 3.066226048e-01 3.256614437e-01 3.511839477e-01 3.829453145e-01
 4.199070341e-01 4.603455816e-01 5.025938410e-01 5.455632122e-01 5.887174253e-01
 6.318532039e-01 6.748962855e-01 7.177466960e-01 7.601386663e-01 8.015066813e-01
 8.410112107e-01 8.779043207e-01 9.119241891e-01 9.434068294e-01 9.730811331e-01
 1.001688031e+00 1.029801825e+00 1.057829659e+00 1.086040049e+00 1.114595570e+00
 1.143585298e+00 1.173051006e+00 1.203005626e+00 1.233445378e+00 1.264357483e+00
 1.295725008e+00 1.327529864e+00 1.359754669e+00 1.392383875e+00 1.425404419e+00
 7.124384248e-01 6.969603095e-01 6.814455980e-01 6.658860707e-01 6.502647187e-01
 6.345576355e-01 6.187357338e-01 6.027662250e-01 5.866138638e-01 5.702420362e-01
 5.536138576e-01 5.366938613e-01 5.194498446e-01 5.018733091e-01 4.839472801e-01
 4.656776470e-01 4.471059312e-01 4.283597927e-01 4.096741015e-01 3.914235085e-01
 3.741244158e-01 3.583767690e-01 3.447511931e-01 3.336811542e-01 3.254123588e-01
 3.200065732e-01 3.173889765e-01 3.174581330e-01 3.202541691e-01 3.260804353e-01
 3.354544783e-01 3.489201564e-01 3.668654602e-01 3.894161200e-01 4.163864732e-01
 4.472853764e-01 4.814134884e-01 5.180399964e-01 5.565631886e-01 5.965808613e-01
 6.378790703e-01 6.803808396e-01 7.240789832e-01 7.689222715e-01 8.142860918e-01
 8.571118900e-01 8.946828170e-01 9.263322681e-01 9.530320401e-01 9.778902246e-01
 1.002214170e+00 1.026686173e+00 1.051762439e+00 1.077654690e+00 1.104426087e+00
 1.132068255e+00 1.160542193e+00 1.189798206e+00 1.219785378e+00 1.250455934e+00
 1.281767100e+00 1.313681758e+00 1.346168528e+00 1.379201584e+00 1.412760362e+00
 7.188840909e-01 7.031808666e-01 6.874040125e-01 6.715566273e-01 6.556357310e-01
 6.396335794e-01 6.235390184e-01 6.073388428e-01 5.910191836e-01 5.745670495e-01
 5.579725909e-01 5.412326993e-01 5.243662098e-01 5.073911334e-01 4.903437097e-01
 4.732809280e-01 4.562907711e-01 4.395271855e-01 4.232058550e-01 4.076076229e-01
 3.930679381e-01 3.799489332e-01 3.685995924e-01 3.593177700e-01 3.523278895e-01
 3.477812758e-01 3.457797492e-01 3.464176500e-01 3.498273596e-01 3.562032443e-01
 3.657848445e-01 3.788044916e-01 3.954246121e-01 4.156890884e-01 4.395016794e-01
 4.666372452e-01 4.967859153e-01 5.296193380e-01 5.648582000e-01 6.023233484e-01
 6.419671654e-01 6.838959299e-01 7.284055785e-01 7.760762963e-01 8.277511877e-01
 8.759808524e-01 9.154448807e-01 9.456439677e-01 9.663586051e-01 9.850559656e-01
 1.002759725e+00 1.022345903e+00 1.044000448e+00 1.067481223e+00 1.092544163e+00
 1.118982725e+00 1.146628967e+00 1.175347946e+00 1.205031470e+00 1.235592696e+00
 1.266961871e+00 1.299083066e+00 1.331911724e+00 1.365412804e+00 1.399559384e+00
 7.245471996e-01 7.086080848e-01 6.925788238e-01 6.764699316e-01 6.602883703e-01
 6.440384997e-01 6.277231622e-01 6.113448743e-01 5.949071099e-01 5.784156630e-01
 5.618803215e-01 5.453337612e-01 5.288070033e-01 5.123507580e-01 4.960219039e-01
 4.798987818e-01 4.640819353e-01 4.487185444e-01 4.339908390e-01 4.201140923e-01
 4.073288669e-01 3.958875689e-01 3.860378609e-01 3.780073491e-01 3.719940653e-01
 3.681655041e-01 3.666661653e-01 3.676303712e-01 3.711943364e-01 3.775005161e-01
 3.866900512e-01 3.988848116e-01 4.141656524e-01 4.325550991e-01 4.540110293e-01
 4.784346606e-01 5.056925711e-01 5.356489848e-01 5.682026779e-01 6.033240678e-01
 6.410918917e-01 6.817329342e-01 7.256684023e-01 7.735599446e-01 8.261909265e-01
 8.758920697e-01 9.170352699e-01 9.485351782e-01 9.712660295e-01 9.865286091e-01
 9.971928647e-01 1.012647652e+00 1.031736017e+00 1.053557725e+00 1.077532791e+00
 1.103268826e+00 1.130489748e+00 1.158995109e+00 1.188635653e+00 1.219298068e+00
 1.250895175e+00 1.283359435e+00 1.316638551e+00 1.350692419e+00 1.385490971e+00
 7.294758281e-01 7.132759266e-01 6.969819169e-01 6.806092285e-01 6.641718431e-01
 6.476830133e-01 6.311561512e-01 6.146058763e-01 5.980492171e-01 5.815069470e-01
 5.650049597e-01 5.485883405e-01 5.323028210e-01 5.162105581e-01 5.003810162e-01
 4.849002753e-01 4.698700263e-01 4.554232680e-01 4.417139480e-01 4.289149052e-01
 4.172130813e-01 4.068026021e-01 3.978768979e-01 3.906214826e-01 3.852089385e-01
 3.817969818e-01 3.805294288e-01 3.815388195e-01 3.849485470e-01 3.908725123e-01
 3.994112291e-01 4.106450228e-01 4.246265442e-01 4.413755916e-01 4.608787348e-01
 4.830953510e-01 5.079701060e-01 5.354508259e-01 5.655103019e-01 5.981711805e-01
 6.335350735e-01 6.718205337e-01 7.134210306e-01 7.590057272e-01 8.098737716e-01
 8.584905293e-01 9.033835741e-01 9.319872451e-01 9.530663292e-01 9.686179882e-01
 9.783859052e-01 9.936243016e-01 1.012576789e+00 1.034343005e+00 1.058335446e+00
 1.084158172e+00 1.111534188e+00 1.140263168e+00 1.170196319e+00 1.201220915e+00
 1.233250455e+00 1.266218193e+00 1.300072785e+00 1.334775274e+00 1.370296981e+00
 7.336741476e-01 7.171809842e-01 7.005958394e-01 6.839374056e-01 6.672245371e-01
 6.504768108e-01 6.337152594e-01 6.169632754e-01 6.002477131e-01 5.836002549e-01
 5.670591333e-01 5.506707329e-01 5.344900677e-01 5.185817517e-01 5.030215764e-01
 4.878977496e-01 4.733126212e-01 4.593840728e-01 4.462446639e-01 4.340394220e-01
 4.229226837e-01 4.130541538e-01 4.045946243e-01 3.977019136e-01 3.925275509e-01
 3.892144970e-01 3.878957744e-01 3.886933498e-01 3.917172630e-01 3.970641223e-01
 4.048147336e-01 4.150311468e-01 4.277540284e-01 4.430014480e-01 4.607705059e-01
 4.810414139e-01 5.037842485e-01 5.289679182e-01 5.565704420e-01 5.865897405e-01
 6.190541931e-01 6.540328154e-01 6.916466887e-01 7.320933346e-01 7.757405012e-01
 8.177692642e-01 8.547559747e-01 8.855129121e-01 9.103491652e-01 9.300104130e-01
 9.460795996e-01 9.649983804e-01 9.862941924e-01 1.009633791e+00 1.034758334e+00
 1.061460102e+00 1.089572664e+00 1.118962924e+00 1.149524451e+00 1.181172167e+00
 1.213838247e+00 1.247469028e+00 1.282022691e+00 1.317467530e+00 1.353780670e+00
 7.371230400e-01 7.203001654e-01 7.033886380e-01 6.864092825e-01 6.693842154e-01
 6.523372882e-01 6.352946722e-01 6.182855804e-01 6.013431197e-01 5.845052537e-01
 5.678158203e-01 5.513254960e-01 5.350926546e-01 5.191841957e-01 5.036763705e-01
 4.886555254e-01 4.742186385e-01 4.604734110e-01 4.475376661e-01 4.355380219e-01
 4.246079635e-01 4.148854913e-01 4.065105365e-01 3.996224539e-01 3.943577248e-01
 3.908476372e-01 3.892156837e-01 3.895748292e-01 3.920252014e-01 3.966525400e-01
 4.035264624e-01 4.126985010e-01 4.242004325e-01 4.380446202e-01 4.542261183e-01
 4.727255529e-01 4.935120314e-01 5.165455738e-01 5.417786751e-01 5.691551075e-01
 5.986029913e-01 6.300157079e-01 6.632061458e-01 6.977995869e-01 7.330165679e-01
 7.675540256e-01 8.001765918e-01 8.302378817e-01 8.576098250e-01 8.826843537e-01
 9.065022155e-01 9.303230702e-01 9.549167058e-01 9.806029800e-01 1.007483454e+00
 1.035565456e+00 1.064817229e+00 1.095192929e+00 1.126644244e+00 1.159125780e+00
 1.192597477e+00 1.227025577e+00 1.262382908e+00 1.298648859e+00 1.335809248e+00
 7.397953234e-01 7.226042345e-01 7.053255947e-01 6.879815528e-01 6.705962723e-01
 6.531962857e-01 6.358109544e-01 6.184730219e-01 6.012192457e-01 5.840910841e-01
 5.671354038e-01 5.504051728e-01 5.339601086e-01 5.178672642e-01 5.022015241e-01
 4.870459601e-01 4.724919767e-01 4.586391589e-01 4.455947599e-01 4.334728244e-01
 4.223929752e-01 4.124789543e-01 4.038571680e-01 3.966551096e-01 3.909998713e-01
 3.870169769e-01 3.848297817e-01 3.845468970e-01 3.862622763e-01 3.900552041e-01
 3.959892974e-01 4.041099514e-01 4.144404570e-01 4.269775636e-01 4.417064925e-01
 4.585999843e-01 4.776176096e-01 4.987045428e-01 5.217882221e-01 5.467730305e-01
 5.735299845e-01 6.018790960e-01 6.315624031e-01 6.622113320e-01 6.933309251e-01
 7.243475854e-01 7.547362995e-01 7.841533836e-01 8.125055614e-01 8.399599162e-01
 8.668939117e-01 8.937706508e-01 9.209992065e-01 9.488686910e-01 9.775552386e-01
 1.007154123e+00 1.037709424e+00 1.069234996e+00 1.101727993e+00 1.135177291e+00
 1.169568672e+00 1.204887998e+00 1.241123176e+00 1.278265368e+00 1.316309774e+00
 7.416662481e-01 7.240674067e-01 7.063776852e-01 6.886199407e-01 6.708194557e-01
 6.530042327e-01 6.352053608e-01 6.174574451e-01 5.997990845e-01 5.822733811e-01
 5.649284573e-01 5.478179586e-01 5.310015174e-01 5.145451510e-01 4.985215660e-01
 4.830103338e-01 4.680979001e-01 4.538773967e-01 4.404482466e-01 4.279155431e-01
 4.163893055e-01 4.059836407e-01 3.968153539e-01 3.890033977e-01 3.826707142e-01
 3.779419058e-01 3.749666913e-01 3.738526734e-01 3.746870169e-01 3.775448217e-01
 3.824904209e-01 3.895734928e-01 3.988139098e-01 4.101619165e-01 4.235907968e-01
 4.390631213e-01 4.565328884e-01 4.759377314e-01 4.971940123e-01 5.201926495e-01
 5.447938405e-01 5.708200098e-01 5.980487364e-01 6.262107391e-01 6.550005122e-01
 6.841057964e-01 7.132527377e-01 7.422518416e-01 7.710278774e-01 7.996244374e-01
 8.281816580e-01 8.568937186e-01 8.859621951e-01 9.155624366e-01 9.458292517e-01
 9.768571528e-01 1.008707481e+00 1.041417069e+00 1.075005973e+00 1.109483579e+00
 1.144853143e+00 1.181115057e+00 1.218269189e+00 1.256316542e+00 1.295260461e+00
 7.427201379e-01 7.246735819e-01 7.065271212e-01 6.883038095e-01 6.700293153e-01
 6.517321783e-01 6.334441152e-01 6.152003650e-01 5.970400664e-01 5.790066514e-01
 5.611482413e-01 5.435180263e-01 5.261746101e-01 5.091822967e-01 4.926112968e-01
 4.765378268e-01 4.610440758e-01 4.462180278e-01 4.321531086e-01 4.189478356e-01
 4.067053042e-01 3.955325479e-01 3.855404814e-01 3.768373304e-01 3.695406249e-01
 3.636949602e-01 3.597000674e-01 3.575832081e-01 3.574001148e-01 3.592174532e-01
 3.631107258e-01 3.691760496e-01 3.775664864e-01 3.878740443e-01 4.001720385e-01
 4.144189247e-01 4.305785511e-01 4.485962949e-01 4.683843318e-01 4.898357704e-01
 5.128216389e-01 5.371894668e-01 5.627640064e-01 5.893515948e-01 6.167498081e-01
 6.447631407e-01 6.732224920e-01 7.020036512e-01 7.310394513e-01 7.603219936e-01
 7.898943802e-01 8.198346583e-01 8.502370441e-01 8.811956298e-01 9.127936398e-01
 9.450985242e-01 9.781614150e-01 1.012019076e+00 1.046696880e+00 1.082211913e+00
 1.118575789e+00 1.155797013e+00 1.193882885e+00 1.232841023e+00 1.272680563e+00
 7.429541236e-01 7.244199661e-01 7.057705898e-01 6.870287800e-01 6.682199762e-01
 6.493725070e-01 6.305178572e-01 6.116909618e-01 5.929305195e-01 5.742793162e-01
 5.557845491e-01 5.374981370e-01 5.194770041e-01 5.017833205e-01 4.844846799e-01
 4.676541921e-01 4.513704594e-01 4.357173738e-01 4.207838161e-01 4.066628193e-01
 3.934517509e-01 3.812561902e-01 3.701917880e-01 3.603105453e-01 3.519867534e-01
 3.452733326e-01 3.402936185e-01 3.371369288e-01 3.358813082e-01 3.365977226e-01
 3.393508212e-01 3.441982524e-01 3.511850049e-01 3.603084783e-01 3.716826697e-01
 3.848701386e-01 3.999349834e-01 4.168630634e-01 4.355365848e-01 4.558548306e-01
 4.777002375e-01 5.009457970e-01 5.254534673e-01 5.510777410e-01 5.776723906e-01
 6.050992138e-01 6.332373378e-01 6.619915906e-01 6.912980664e-01 7.211255074e-01
 7.514722376e-01 7.823596488e-01 8.138239700e-01 8.459082200e-01 8.786557640e-01
 9.121060851e-01 9.462926815e-01 9.812426008e-01 1.016977032e+00 1.053512460e+00
 1.090862033e+00 1.129036935e+00 1.168047654e+00 1.207905101e+00 1.248621580e+00
 7.423798472e-01 7.233188221e-01 7.041208282e-01 6.848079308e-01 6.654047906e-01
 6.459388875e-01 6.264407650e-01 6.069442935e-01 5.874869465e-01 5.681100859e-01
 5.488592481e-01 5.297844246e-01 5.109403292e-01 4.923866441e-01 4.741882356e-01
 4.564153250e-01 4.391435731e-01 4.224540596e-01 4.064323482e-01 3.911673074e-01
 3.767423160e-01 3.632363495e-01 3.510083196e-01 3.401251631e-01 3.307222366e-01
 3.229124488e-01 3.168053496e-01 3.125007133e-01 3.100863347e-01 3.096376038e-01
 3.112164107e-01 3.148691540e-01 3.206235913e-01 3.284876632e-01 3.384536703e-01
 3.504573064e-01 3.645237956e-01 3.807803989e-01 3.986784734e-01 4.182380765e-01
 4.393473526e-01 4.619050890e-01 4.857963423e-01 5.109055188e-01 5.371180023e-01
 5.643248968e-01 5.924283944e-01 6.213464014e-01 6.510154260e-01 6.813915478e-01
 7.124494897e-01 7.441798929e-01 7.765855306e-01 8.096772528e-01 8.434703090e-01
 8.779814790e-01 9.132271549e-01 9.492223115e-01 9.859801867e-01 1.023512460e+00
 1.061829740e+00 1.100942215e+00 1.140860362e+00 1.181595660e+00 1.223161271e+00
 7.410238593e-01 7.213979771e-01 7.016070778e-01 6.816720524e-01 6.616162661e-01
 6.414657744e-01 6.212495553e-01 6.009997550e-01 5.807519439e-01 5.605453814e-01
 5.404232851e-01 5.204331027e-01 5.006267844e-01 4.810610593e-01 4.617977253e-01
 4.429039941e-01 4.244530339e-01 4.065247444e-01 3.892094365e-01 3.726101055e-01
 3.567829809e-01 3.420716637e-01 3.285885749e-01 3.164469948e-01 3.057694509e-01
 2.966778364e-01 2.892888435e-01 2.837097774e-01 2.800362359e-01 2.783501076e-01
 2.787177322e-01 2.811880922e-01 2.857912174e-01 2.925368481e-01 3.014158314e-01
 3.124032249e-01 3.254734343e-01 3.405993715e-01 3.577116280e-01 3.769063629e-01
 3.976134224e-01 4.198441598e-01 4.434847099e-01 4.684400906e-01 4.946092658e-01
 5.218982311e-01 5.502201591e-01 5.794977138e-01 6.096652281e-01 6.406700581e-01
 6.724723137e-01 7.050438316e-01 7.383664362e-01 7.724298197e-01 8.072294616e-01
 8.427648040e-01 8.790378296e-01 9.160520827e-01 9.538121016e-01 9.923231919e-01
 1.031591456e+00 1.071624000e+00 1.112429255e+00 1.154017356e+00 1.196400559e+00
 7.389272336e-01 7.187005553e-01 6.982748245e-01 6.776692986e-01 6.569055440e-01
 6.360076489e-01 6.150024473e-01 5.939197545e-01 5.727926123e-01 5.516575425e-01
 5.305548064e-01 5.095286708e-01 4.886276799e-01 4.679049307e-01 4.474183414e-01
 4.272308332e-01 4.074101430e-01 3.880290455e-01 3.691592013e-01 3.511106192e-01
 3.339625447e-01 3.178622840e-01 3.029481995e-01 2.893582391e-01 2.772294876e-01
 2.666948955e-01 2.578806917e-01 2.509037073e-01 2.458687931e-01 2.428666558e-01
 2.419719534e-01 2.432416334e-01 2.467135906e-01 2.524060105e-01 2.603173084e-01
 2.704269371e-01 2.826988794e-01 2.970819859e-01 3.135134929e-01 3.319325915e-01
 3.522456723e-01 3.745432860e-01 3.982434054e-01 4.233598295e-01 4.497835045e-01
 4.774305374e-01 5.062139786e-01 5.360564226e-01 5.668883474e-01 5.986487864e-01
 6.312869274e-01 6.647616010e-01 6.990402284e-01 7.340977282e-01 7.699152701e-01
 8.064791277e-01 8.437796786e-01 8.818106104e-01 9.205683455e-01 9.600516729e-01
 1.000261560e+00 1.041201107e+00 1.082875615e+00 1.125292729e+00 1.168462642e+00
 7.361447465e-01 7.152842543e-01 6.941851074e-01 6.728644652e-01 6.513415992e-01
 6.296381026e-01 6.077781095e-01 5.857885248e-01 5.636992632e-01 5.415434952e-01
 5.193578999e-01 4.971829246e-01 4.750630618e-01 4.530471648e-01 4.311888388e-01
 4.095470136e-01 3.881869399e-01 3.671758880e-01 3.468104255e-01 3.272045014e-01
 3.084810236e-01 2.907805375e-01 2.742519518e-01 2.590456993e-01 2.453106896e-01
 2.331914147e-01 2.228250347e-01 2.143387132e-01 2.078473210e-01 2.034514311e-01
 2.012355798e-01 2.012667675e-01 2.035932101e-01 2.082433471e-01 2.152252780e-01
 2.245266811e-01 2.361149376e-01 2.499378691e-01 2.659247735e-01 2.839911311e-01
 3.040448838e-01 3.260026233e-01 3.497572936e-01 3.754101088e-01 4.023615591e-01
 4.306351139e-01 4.601251694e-01 4.907550814e-01 5.224434650e-01 5.551205966e-01
 5.887264528e-01 6.232097922e-01 6.585275132e-01 6.946435881e-01 7.315284417e-01
 7.691582127e-01 8.075140601e-01 8.465815285e-01 8.863500171e-01 9.268123651e-01
 9.679645560e-01 1.009805529e+00 1.052337079e+00 1.095563838e+00 1.139493310e+00
 7.327438244e-01 7.112203605e-01 6.894135675e-01 6.673380406e-01 6.450102634e-01
 6.224488128e-01 5.996745768e-01 5.767109826e-01 5.535842332e-01 5.303235508e-01
 5.069614164e-01 4.835338011e-01 4.600803799e-01 4.366447698e-01 4.132750093e-01
 3.900247792e-01 3.669563470e-01 3.443467324e-01 3.223141152e-01 3.009890285e-01
 2.805166176e-01 2.610525483e-01 2.427578879e-01 2.257955458e-01 2.103265864e-01
 1.965069122e-01 1.844844084e-01 1.743964403e-01 1.663678538e-01 1.605092990e-01
 1.569156457e-01 1.556645455e-01 1.568151716e-01 1.604071647e-01 1.664597725e-01
 1.749711959e-01 1.859182281e-01 1.992560172e-01 2.149183210e-01 2.328185844e-01
 2.528524876e-01 2.749043703e-01 2.988562000e-01 3.246078534e-01 3.520473908e-01
 3.813099866e-01 4.117548522e-01 4.434183551e-01 4.761848374e-01 5.099680646e-01
 5.447027151e-01 5.803317386e-01 6.168036560e-01 6.540738927e-01 6.921044171e-01
 7.308634497e-01 7.703249066e-01 8.104678391e-01 8.512759074e-01 8.927369306e-01
 9.348425208e-01 9.775877983e-01 1.020971183e+00 1.064994249e+00 1.109661639e+00
 7.288033619e-01 7.065926100e-01 6.840493365e-01 6.611851092e-01 6.380131311e-01
 6.145484418e-01 5.908081348e-01 5.668115900e-01 5.425807205e-01 5.181402295e-01
 4.935178643e-01 4.687446279e-01 4.438548424e-01 4.188857418e-01 3.938756721e-01
 3.688597745e-01 3.441057782e-01 3.197354699e-01 2.958827203e-01 2.726981782e-01
 2.503441572e-01 2.289911471e-01 2.088142628e-01 1.899892434e-01 1.726887441e-01
 1.570791253e-01 1.433183229e-01 1.315538705e-01 1.219210118e-01 1.145409701e-01
 1.095193709e-01 1.069448196e-01 1.068876342e-01 1.093987240e-01 1.145086201e-01
 1.222266531e-01 1.325402643e-01 1.454145257e-01 1.607918857e-01 1.785924871e-01
 1.987151854e-01 2.210387975e-01 2.454251336e-01 2.717283510e-01 2.998081505e-01
 3.295564232e-01 3.608709103e-01 3.939592856e-01 4.280631631e-01 4.631564688e-01
 4.992018353e-01 5.361368010e-01 5.739026625e-01 6.124464485e-01 6.517230748e-01
 6.916945774e-01 7.323294490e-01 7.736019097e-01 8.154913050e-01 8.579815965e-01
 9.010609369e-01 9.447213161e-01 9.889582703e-01 1.033770646e+00 1.079160414e+00
 7.244124501e-01 7.014959359e-01 6.781938053e-01 6.545141423e-01 6.304663773e-01
 6.060614830e-01 5.813121912e-01 5.562332319e-01 5.308416027e-01 5.051568771e-01
 4.792015806e-01 4.530016900e-01 4.265873795e-01 3.999943376e-01 3.732664749e-01
 3.464565795e-01 3.198620001e-01 2.935973928e-01 2.678080490e-01 2.426581484e-01
 2.183247315e-01 1.949927808e-01 1.728504418e-01 1.520846369e-01 1.328783360e-01
 1.154083929e-01 9.984341839e-02 8.634175317e-02 7.504957359e-02 6.609915338e-02
 5.960727858e-02 5.567379435e-02 5.438027622e-02 5.578883339e-02 5.994105129e-02
 6.685707976e-02 7.653487412e-02 8.894958179e-02 1.040531180e-01 1.217739518e-01
 1.420172094e-01 1.646654058e-01 1.895802779e-01 2.166056164e-01 2.455718310e-01
 2.763117947e-01 3.086868985e-01 3.426380639e-01 3.782034465e-01 4.147346548e-01
 4.522735263e-01 4.906982513e-01 5.299201035e-01 5.698762274e-01 6.105158023e-01
 6.517971478e-01 6.936855469e-01 7.361523054e-01 7.791740657e-01 8.227322823e-01
 8.668127760e-01 9.114053409e-01 9.565033946e-01 1.002103673e+00 1.048205961e+00
 7.196690131e-01 6.960351047e-01 6.719592718e-01 6.474456729e-01 6.224994801e-01
 5.971270631e-01 5.713361955e-01 5.451362866e-01 5.185386399e-01 4.915567439e-01
 4.642066053e-01 4.365071780e-01 4.084811237e-01 3.801563621e-01 3.515692720e-01
 3.229636462e-01 2.944718696e-01 2.662438074e-01 2.384472501e-01 2.112647066e-01
 1.848890917e-01 1.595185843e-01 1.353521884e-01 1.125874045e-01 9.141802120e-02
 7.203190605e-02 5.460887386e-02 3.931869715e-02 2.631925952e-02 1.575482600e-02
 7.754410420e-03 2.430146088e-03-1.243228200e-04 1.646583960e-04 3.349459758e-03
 9.460148045e-03 1.850377010e-02 3.046391208e-02 4.530044446e-02 6.294934624e-02
 8.332254297e-02 1.063079088e-01 1.317697147e-01 1.595499112e-01 1.894708271e-01
 2.213394027e-01 2.549535162e-01 2.901222081e-01 3.266899293e-01 3.645455611e-01
 4.039834382e-01 4.441532789e-01 4.850231783e-01 5.265441411e-01 5.686725519e-01
 6.113683027e-01 6.545966795e-01 6.983281868e-01 7.425384201e-01 7.872077439e-01
 8.323208970e-01 8.778665823e-01 9.238370701e-01 9.702278291e-01 1.017037191e+00
 7.146783266e-01 6.903232087e-01 6.654674236e-01 6.401107928e-01 6.142537690e-01
 5.878975997e-01 5.610445171e-01 5.336979548e-01 5.058627881e-01 4.775455723e-01
 4.487546870e-01 4.195001284e-01 3.897920938e-01 3.596373752e-01 3.292529101e-01
 2.987626360e-01 2.683133007e-01 2.380731743e-01 2.082275894e-01 1.789747686e-01
 1.505202563e-01 1.230725436e-01 9.684097452e-02 7.203360022e-02 4.885495624e-02
 2.750391964e-02 8.171757070e-03-8.959591736e-03-2.371917147e-02-3.594872138e-02
-4.550422140e-02-5.225804116e-02-5.610145961e-02-5.694714696e-02-5.473126440e-02
-4.941491398e-02-4.098478172e-02-2.945297224e-02-1.485624226e-02 2.744855573e-03
 2.326605612e-02 4.659921839e-02 7.261234570e-02 1.011493286e-01 1.320303310e-01
 1.650536247e-01 1.999995981e-01 2.366371889e-01 2.747400071e-01 3.141358186e-01
 3.547856252e-01 3.968386648e-01 4.394934903e-01 4.827119485e-01 5.264470191e-01
 5.706594356e-01 6.153140537e-01 6.603812607e-01 7.058367093e-01 7.516609409e-01
 7.978389080e-01 8.443594647e-01 8.912148808e-01 9.384003964e-01 9.859138191e-01
 7.095513828e-01 6.844799668e-01 6.588475894e-01 6.326493733e-01 6.058806334e-01
 5.785370111e-01 5.506146414e-01 5.221103682e-01 4.930220402e-01 4.633489476e-01
 4.330925186e-01 4.022574940e-01 3.708544468e-01 3.389007608e-01 3.066544678e-01
 2.742357513e-01 2.418007134e-01 2.095298987e-01 1.776216766e-01 1.462850458e-01
 1.157343755e-01 8.618724519e-02 5.786228697e-02 3.097692750e-02 5.745245262e-03
-1.762386951e-02-3.892829764e-02-5.797333838e-02-7.457196854e-02-8.854656263e-02
-9.973173914e-02-1.079780374e-01-1.131560057e-01-1.151601957e-01-1.139125587e-01
-1.093648122e-01-1.014994780e-01-9.032947083e-02-7.589634801e-02-5.826759788e-02
-3.753361776e-02-1.380518694e-02 1.278723285e-02 4.209083451e-02 7.392879480e-02
 1.080998701e-01 1.443794564e-01 1.825238850e-01 2.222794752e-01 2.633977631e-01
 3.056811547e-01 3.490517795e-01 3.936413561e-01 4.386837151e-01 4.841415252e-01
 5.299702464e-01 5.761346602e-01 6.226054531e-01 6.693594849e-01 7.163789993e-01
 7.636507392e-01 8.111652005e-01 8.589160108e-01 9.068994047e-01 9.551137676e-01
 7.044030594e-01 6.786297869e-01 6.522347061e-01 6.252079531e-01 5.975393559e-01
 5.692185144e-01 5.402348991e-01 5.105779797e-01 4.802374081e-01 4.492033240e-01
 4.174669744e-01 3.850222207e-01 3.518676612e-01 3.181885348e-01 2.841089384e-01
 2.497790191e-01 2.153734676e-01 1.810874693e-01 1.471299111e-01 1.137171895e-01
 8.107095038e-02 4.941595128e-02 1.897770343e-02-1.001981064e-02-3.735607863e-02
-6.281484785e-02-8.618219271e-02-1.072457335e-01-1.257956887e-01-1.416277737e-01
-1.545476887e-01-1.643767129e-01-1.709578183e-01-1.741616322e-01-1.738915506e-01
-1.700874425e-01-1.627275240e-01-1.518281454e-01-1.374414438e-01-1.196510891e-01
-9.856673430e-02-7.431815175e-02-4.705032063e-02-1.692100257e-02 1.589769923e-02
 5.121193883e-02 8.880200028e-02 1.284228046e-01 1.698081055e-01 2.126801537e-01
 2.567652267e-01 3.018361889e-01 3.478005141e-01 3.948100340e-01 4.421042005e-01
 4.896486296e-01 5.374023413e-01 5.853377215e-01 6.334355849e-01 6.816824914e-01
 7.300692214e-01 7.785897813e-01 8.272407302e-01 8.760206582e-01 9.249297391e-01
 6.993500712e-01 6.728995549e-01 6.457669459e-01 6.179372213e-01 5.893945114e-01
 5.601221103e-01 5.301024809e-01 4.993172279e-01 4.677469781e-01 4.353710179e-01
 4.021663313e-01 3.681050928e-01 3.333224118e-01 2.979216714e-01 2.620380170e-01
 2.258357050e-01 1.895024476e-01 1.532432068e-01 1.172726440e-01 8.181224063e-02
 4.708824395e-02 1.332914909e-02-1.923693678e-02-5.038465000e-02-7.989063625e-02
-1.075292904e-01-1.330699849e-01-1.562765834e-01-1.769094725e-01-1.947300640e-01
-2.095074306e-01-2.210262144e-01-2.290951149e-01-2.335551303e-01-2.342864204e-01
-2.312134066e-01-2.243077715e-01-2.135890365e-01-1.991224184e-01-1.810136538e-01
-1.594013031e-01-1.344477617e-01-1.063299362e-01-7.523151400e-02-4.133901554e-02
-4.843603753e-03 3.404960772e-02 7.510764903e-02 1.180679442e-01 1.626429357e-01
 2.085311196e-01 2.554357532e-01 3.031133100e-01 3.514789509e-01 4.007422772e-01
 4.501026318e-01 4.995152941e-01 5.489613843e-01 5.984323382e-01 6.479237374e-01
 6.974333343e-01 7.469606427e-01 7.965066969e-01 8.460737606e-01 8.956649842e-01
 6.945087095e-01 6.674161374e-01 6.395829464e-01 6.109889196e-01 5.816124494e-01
 5.514305055e-01 5.204186137e-01 4.885508443e-01 4.557998093e-01 4.221366234e-01
 3.875306570e-01 3.519488691e-01 3.155683230e-01 2.784932447e-01 2.408666180e-01
 2.028608713e-01 1.646711955e-01 1.265064024e-01 8.858365660e-02 5.112634343e-02
 1.436131765e-02-2.148426613e-02-5.618605747e-02-8.952115874e-02-1.212614556e-01
-1.511681302e-01-1.789886057e-01-2.044565306e-01-2.272951399e-01-2.472238414e-01
-2.639684981e-01-2.772723235e-01-2.869062772e-01-2.926786325e-01-2.944431910e-01
-2.921056728e-01-2.856278642e-01-2.750291529e-01-2.603851439e-01-2.418231432e-01
-2.195144669e-01-1.936635593e-01-1.644936447e-01-1.322325101e-01-9.710250487e-02
-5.931578917e-02-1.907763370e-02 2.340044175e-02 6.787848371e-02 1.140801219e-01
 1.616995229e-01 2.104160370e-01 2.599179782e-01 3.099630284e-01 3.605009648e-01
 4.118264764e-01 4.629416176e-01 5.139088320e-01 5.647523490e-01 6.154816759e-01
 6.661027618e-01 7.166213534e-01 7.670438195e-01 8.173770894e-01 8.676283247e-01
 6.899924175e-01 6.623036811e-01 6.338187854e-01 6.045123962e-01 5.743572288e-01
 5.433239656e-01 5.113811990e-01 4.784954523e-01 4.446314080e-01 4.097526951e-01
 3.738241554e-01 3.368165062e-01 2.989316306e-01 2.602804907e-01 2.210128427e-01
 1.813076641e-01 1.413636701e-01 1.013901942e-01 6.160414963e-02 2.222712477e-02
-1.651829668e-02-5.441266048e-02-9.123963819e-02-1.267774963e-01-1.607904315e-01
-1.930220164e-01-2.231917379e-01-2.509955130e-01-2.761128204e-01-2.982181116e-01
-3.169928619e-01-3.321377932e-01-3.433847291e-01-3.505075573e-01-3.533317663e-01
-3.517420681e-01-3.456876663e-01-3.351847778e-01-3.203160674e-01-3.012267252e-01
-2.781170188e-01-2.512312755e-01-2.208434182e-01-1.872395033e-01-1.506974717e-01
-1.114725920e-01-6.979412679e-02-2.587255555e-02 2.008085024e-02 6.782340819e-02
 1.170683589e-01 1.674971111e-01 2.187821905e-01 2.706252721e-01 3.228568719e-01
 3.756304598e-01 4.282398755e-01 4.806438436e-01 5.328153301e-01 5.847487153e-01
 6.364484744e-01 6.879242303e-01 7.391878624e-01 7.902518963e-01 8.411285748e-01
 6.859092591e-01 6.576808334e-01 6.286049455e-01 5.986513513e-01 5.677872760e-01
 5.359772256e-01 5.031827563e-01 4.693621567e-01 4.344699338e-01 3.984558173e-01
 3.612625370e-01 3.229931241e-01 2.837483533e-01 2.436600367e-01 2.028895185e-01
 1.616222367e-01 1.200579089e-01 7.840466781e-02 3.687645291e-02-4.310795094e-03
-4.494397545e-02-8.481605522e-02-1.237180239e-01-1.614271189e-01-1.976963115e-01
-2.322462500e-01-2.647615623e-01-2.948970157e-01-3.222888745e-01-3.465674907e-01
-3.673706405e-01-3.843571088e-01-3.972199333e-01-4.056986726e-01-4.095901023e-01
-4.087568820e-01-4.031338043e-01-3.927312678e-01-3.776356076e-01-3.580059210e-01
-3.340670783e-01-3.060987589e-01-2.744206569e-01-2.393742036e-01-2.013012840e-01
-1.605206636e-01-1.173082015e-01-7.189674153e-02-2.449090684e-02 2.470364037e-02
 7.544004836e-02 1.274187748e-01 1.803066889e-01 2.337663122e-01 2.875038089e-01
 3.413896448e-01 3.956291118e-01 4.495148373e-01 5.030093769e-01 5.561133607e-01
 6.088442564e-01 6.612238791e-01 7.132742239e-01 7.650160416e-01 8.164683068e-01
 6.823593505e-01 6.536578873e-01 6.240631515e-01 5.935403883e-01 5.620517952e-01
 5.295562794e-01 4.960091757e-01 4.613618970e-01 4.255614725e-01 3.885499198e-01
 3.502634149e-01 3.108406529e-01 2.703771943e-01 2.290081738e-01 1.868988105e-01
 1.442359141e-01 1.012172039e-01 5.804739672e-02 1.493471443e-02-2.791411612e-02
-7.029982210e-02-1.120278124e-01-1.528946201e-01-1.926737940e-01-2.311030086e-01
-2.678744876e-01-3.026371649e-01-3.350071323e-01-3.645799500e-01-3.909443271e-01
-4.136967385e-01-4.324563684e-01-4.468797802e-01-4.566744160e-01-4.616100281e-01
-4.615278851e-01-4.563476216e-01-4.460715295e-01-4.307859538e-01-4.106592992e-01
-3.859359734e-01-3.569255722e-01-3.239877640e-01-2.875132993e-01-2.479017070e-01
-2.055364402e-01-1.607582583e-01-1.138440359e-01-6.501360886e-02-1.445627462e-02
 3.762696229e-02 9.097621653e-02 1.452726940e-01 2.001661590e-01 2.553103843e-01
 3.104382270e-01 3.655249219e-01 4.210140553e-01 4.758033502e-01 5.300031036e-01
 5.836789386e-01 6.368767591e-01 6.896326899e-01 7.419771501e-01 7.939365078e-01
 6.794323403e-01 6.503338895e-01 6.203030026e-01 5.893009407e-01 5.572854684e-01
 5.242105968e-01 4.900263229e-01 4.546783747e-01 4.181079446e-01 3.802512840e-01
 3.410389494e-01 3.006313711e-01 2.591278127e-01 2.166655236e-01 1.734111332e-01
 1.295499458e-01 8.527619429e-02 4.078955674e-02-3.709440543e-03-4.802579075e-02
-9.197503393e-02-1.353731681e-01-1.780201664e-01-2.196832091e-01-2.600809714e-01
-2.988773774e-01-3.356894724e-01-3.700986353e-01-4.016636941e-01-4.299356297e-01
-4.544735139e-01-4.748614307e-01-4.907243321e-01-5.017419114e-01-5.076602791e-01
-5.083013948e-01-5.035702631e-01-4.934598219e-01-4.780532338e-01-4.575230830e-01
-4.321267141e-01-4.021968301e-01-3.681265312e-01-3.303488726e-01-2.893133864e-01
-2.454600294e-01-1.991912990e-01-1.508433676e-01-1.006697407e-01-4.886225287e-02
 4.407597981e-03 5.893186137e-02 1.144270877e-01 1.705562925e-01 2.269691285e-01
 2.833588813e-01 3.396104606e-01 3.960580277e-01 4.517971955e-01 5.068756042e-01
 5.613375151e-01 6.152241563e-01 6.685739271e-01 7.214220345e-01 7.738001923e-01
 6.772050322e-01 6.477939837e-01 6.174190149e-01 5.860380026e-01 5.536049016e-01
 5.200694504e-01 4.853769141e-01 4.494679671e-01 4.122789845e-01 3.737434571e-01
 3.337951879e-01 2.926042501e-01 2.502700811e-01 2.069310495e-01 1.627541472e-01
 1.179222990e-01 7.262593493e-02 2.705918124e-02-1.858575167e-02-6.412619974e-02
-1.093905720e-01-1.542032110e-01-1.983655736e-01-2.416366529e-01-2.837160380e-01
-3.242439936e-01-3.628108216e-01-3.989685251e-01-4.322445631e-01-4.621575887e-01
-4.882356848e-01-5.100344527e-01-5.271532797e-01-5.392493767e-01-5.460494732e-01
-5.473592512e-01-5.430706237e-01-5.331671172e-01-5.177267624e-01-4.969223887e-01
-4.710182848e-01-4.403622261e-01-4.053718123e-01-3.665143111e-01-3.242806493e-01
-2.791577668e-01-2.315996532e-01-1.819974023e-01-1.306503968e-01-7.776745045e-02
-2.350739683e-02 3.196355593e-02 8.840759914e-02 1.455115418e-01 2.029289274e-01
 2.603342775e-01 3.175360166e-01 3.747099018e-01 4.312191945e-01 4.870174661e-01
 5.421170893e-01 5.965539017e-01 6.503694863e-01 7.036045602e-01 7.562965453e-01
 6.757391996e-01 6.461070308e-01 6.154880860e-01 5.838375705e-01 5.511063407e-01
 5.172404616e-01 4.821806663e-01 4.458616298e-01 4.082108173e-01 3.691462432e-01
 3.287046887e-01 2.869628282e-01 2.440321290e-01 2.000561405e-01 1.552033397e-01
 1.096549649e-01 6.359823965e-02 1.722231737e-02-2.928805601e-02-7.576085097e-02
-1.220342626e-01-1.679386970e-01-2.132758919e-01-2.577967700e-01-3.011860210e-01
-3.430662102e-01-3.830073386e-01-4.205387987e-01-4.551635633e-01-4.863757021e-01
-5.136801435e-01-5.366112557e-01-5.547493621e-01-5.677348184e-01-5.752796118e-01
-5.771766743e-01-5.733071886e-01-5.636460771e-01-5.482655103e-01-5.273360024e-01
-5.011241911e-01-4.699861315e-01-4.343548732e-01-3.947213003e-01-3.516077517e-01
-3.055373130e-01-2.570037256e-01-2.064406881e-01-1.541910029e-01-1.004885626e-01
-4.549164840e-02 1.065851062e-02 6.776546477e-02 1.255404565e-01 1.836379082e-01
 2.417044928e-01 2.994503247e-01 3.568219443e-01 4.142332484e-01 4.706813689e-01
 5.262831921e-01 5.811199801e-01 6.352553443e-01 6.887423269e-01 7.416263986e-01
 6.750796191e-01 6.453233838e-01 6.145670005e-01 5.827639518e-01 5.498631073e-01
 5.158082307e-01 4.805374035e-01 4.439823551e-01 4.060677198e-01 3.667103649e-01
 3.259616068e-01 2.838877472e-01 2.405985102e-01 1.962371601e-01 1.509714846e-01
 1.049808358e-01 5.844980438e-02 1.156379654e-02-3.549782938e-02-8.257028105e-02
-1.294981302e-01-1.761157873e-01-2.222251652e-01-2.675718198e-01-3.118316353e-01
-3.546164304e-01-3.954835616e-01-4.339479912e-01-4.694969110e-01-5.016087741e-01
-5.297736762e-01-5.535122521e-01-5.723923423e-01-5.860430724e-01-5.941663532e-01
-5.965460740e-01-5.930553572e-01-5.836621324e-01-5.684329855e-01-5.475348266e-01
-5.212334703e-01-4.898878847e-01-4.539387481e-01-4.138901511e-01-3.702837867e-01
-3.236666007e-01-2.745588588e-01-2.234230545e-01-1.706327088e-01-1.164458990e-01
-6.102612067e-02-4.501551255e-03 5.296131180e-02 1.110985591e-01 1.695747377e-01
 2.280344068e-01 2.861682490e-01 3.438814947e-01 4.015790823e-01 4.583036876e-01
 5.141392749e-01 5.691605283e-01 6.234324654e-01 6.770116136e-01 7.299471946e-01
 6.752524308e-01 6.454728321e-01 6.146897541e-01 5.828560192e-01 5.499197511e-01
 5.158238740e-01 4.805055262e-01 4.438953825e-01 4.059169141e-01 3.664857664e-01
 3.256520750e-01 2.834816239e-01 2.400831057e-01 1.955987747e-01 1.501952715e-01
 1.040505515e-01 5.734761026e-02 1.026994782e-02-3.700546496e-02-8.431677844e-02
-1.315113642e-01-1.784258199e-01-2.248630645e-01-2.705678190e-01-3.152139078e-01
-3.584101193e-01-3.997097653e-01-4.386227329e-01-4.746303056e-01-5.072047471e-01
-5.358299000e-01-5.600202401e-01-5.793376402e-01-5.934054841e-01-6.019201524e-01
-6.046601830e-01-6.014935129e-01-5.923831039e-01-5.773909493e-01-5.566800271e-01
-5.305132991e-01-4.992484877e-01-4.633272236e-01-4.232573296e-01-3.795875141e-01
-3.328748541e-01-2.836516494e-01-2.323942006e-01-1.794915403e-01-1.252165238e-01
-6.973782730e-02-1.317831112e-02 4.431173995e-02 1.024861696e-01 1.610196784e-01
 2.195604973e-01 2.777940797e-01 3.355957254e-01 3.932924628e-01 4.500131419e-01
 5.058314679e-01 5.608163050e-01 6.150304095e-01 6.685301452e-01 7.213656429e-01
 6.762640244e-01 6.465632645e-01 6.158659268e-01 5.841252520e-01 5.512898805e-01
 5.173033826e-01 4.821036815e-01 4.456222740e-01 4.077829964e-01 3.684996379e-01
 3.278085818e-01 2.857817510e-01 2.425281474e-01 1.981885316e-01 1.529281049e-01
 1.069240550e-01 6.035898518e-02 1.341656475e-02-3.372528391e-02-8.090303513e-02
-1.279631313e-01-1.747425379e-01-2.210462796e-01-2.666232812e-01-3.111522650e-01
-3.542470055e-01-3.954657729e-01-4.343232660e-01-4.703051493e-01-5.028871550e-01
-5.315556008e-01-5.558264437e-01-5.752620991e-01-5.894856498e-01-5.981924402e-01
-6.011593372e-01-5.982520466e-01-5.894307782e-01-5.747542646e-01-5.543817133e-01
-5.285718189e-01-4.976775984e-01-4.621356727e-01-4.224487799e-01-3.791607998e-01
-3.328246702e-01-2.839696558e-01-2.330703852e-01-1.805158123e-01-1.265802961e-01
-7.143402589e-02-1.519991403e-02 4.197462897e-02 9.984847675e-02 1.581005009e-01
 2.163815466e-01 2.743762025e-01 3.319460799e-01 3.893821058e-01 4.458474419e-01
 5.014136179e-01 5.561470606e-01 6.101088328e-01 6.633544519e-01 7.159338670e-01
 6.781006186e-01 6.485802238e-01 6.180802005e-01 5.865552055e-01 5.539555748e-01
 5.202269918e-01 4.853101836e-01 4.491407431e-01 4.116493446e-01 3.727630616e-01
 3.324110943e-01 2.907592282e-01 2.479025433e-01 2.039747214e-01 1.591375345e-01
 1.135675203e-01 6.744789002e-02 2.096434143e-02-2.570124675e-02-7.237924937e-02
-1.189112841e-01-1.651325195e-01-2.108505616e-01-2.558228090e-01-2.997396333e-01
-3.422275718e-01-3.828585826e-01-4.211617396e-01-4.566372346e-01-4.887739620e-01
-5.170695367e-01-5.410491710e-01-5.602824883e-01-5.743978618e-01-5.830942206e-01
-5.861505291e-01-5.834332570e-01-5.749020779e-01-5.606137676e-01-5.407238922e-01
-5.154854567e-01-4.852433576e-01-4.504233679e-01-4.115145419e-01-3.690444052e-01
-3.235479099e-01-2.755366312e-01-2.254684360e-01-1.737169887e-01-1.205448556e-01
-6.611964341e-02-1.056916926e-02 4.594919742e-02 1.031854859e-01 1.608155008e-01
 2.184910246e-01 2.759004676e-01 3.329129290e-01 3.898255587e-01 4.457905239e-01
 5.008767305e-01 5.551486925e-01 6.086660791e-01 6.614834154e-01 7.136499864e-01
 6.807285648e-01 6.514873872e-01 6.212930562e-01 5.901024268e-01 5.578683337e-01
 5.245392917e-01 4.900591846e-01 4.543669534e-01 4.173962713e-01 3.790750990e-01
 3.393242342e-01 2.983010870e-01 2.560985204e-01 2.128473929e-01 1.687075236e-01
 1.238560434e-01 7.847798337e-02 3.276253299e-02-1.310234450e-02-5.893742516e-02
-1.045755143e-01-1.498472857e-01-1.945621578e-01-2.384880767e-01-2.813330872e-01
-3.227435342e-01-3.623129259e-01-3.995932334e-01-4.341083755e-01-4.653698939e-01
-4.928955056e-01-5.162276017e-01-5.349499388e-01-5.487020782e-01-5.571914288e-01
-5.602029932e-01-5.576070168e-01-5.493646812e-01-5.355317559e-01-5.162597975e-01
-4.917941278e-01-4.624675605e-01-4.286887616e-01-3.909243149e-01-3.496740401e-01
-3.054424065e-01-2.587099518e-01-2.099038620e-01-1.593683303e-01-1.073441613e-01
-5.399495290e-02 5.405214665e-04 5.608199401e-02 1.123595343e-01 1.690403867e-01
 2.257764400e-01 2.822655057e-01 3.384051303e-01 3.945430140e-01 4.497707986e-01
 5.041553332e-01 5.577603097e-01 6.106446532e-01 6.628619688e-01 7.144605291e-01
 6.840952593e-01 6.552278662e-01 6.254426539e-01 5.946993553e-01 5.629540289e-01
 5.301587696e-01 4.962613671e-01 4.612048833e-01 4.249271013e-01 3.873597888e-01
 3.484279145e-01 3.082639662e-01 2.669561753e-01 2.246317845e-01 1.814479697e-01
 1.375822822e-01 9.322192247e-02 4.855999002e-02 3.791240455e-03-4.089402567e-02
-8.531610266e-02-1.292980637e-01-1.726490370e-01-2.151467337e-01-2.565205148e-01
-2.964425771e-01-3.345346495e-01-3.703787389e-01-4.035299233e-01-4.335308896e-01
-4.599280110e-01-4.822887746e-01-5.002181795e-01-5.133731490e-01-5.214747275e-01
-5.243180325e-01-5.217800207e-01-5.138250873e-01-5.005083414e-01-4.819761398e-01
-4.584631927e-01-4.302853604e-01-3.978272278e-01-3.615237337e-01-3.218367563e-01
-2.792297496e-01-2.341406529e-01-1.869537452e-01-1.379717974e-01-8.741115614e-02
-3.543437074e-02 1.780054970e-02 7.207869384e-02 1.271052047e-01 1.825374681e-01
 2.380286950e-01 2.932937705e-01 3.482760831e-01 4.034064577e-01 4.576673312e-01
 5.111319935e-01 5.638677159e-01 6.159340535e-01 6.673835226e-01 7.182626000e-01
 6.881305030e-01 6.597258161e-01 6.304466952e-01 6.002563638e-01 5.691148140e-01
 5.369785704e-01 5.038003959e-01 4.695288919e-01 4.341078734e-01 3.974752152e-01
 3.595603359e-01 3.204600669e-01 2.802634194e-01 2.390934976e-01 1.971026713e-01
 1.544666738e-01 1.113740238e-01 6.802087580e-02 2.460789032e-02-1.866448292e-02
-6.160208401e-02-1.040172113e-01-1.457157170e-01-1.864822097e-01-2.260660074e-01
-2.641696420e-01-3.004483842e-01-3.345199616e-01-3.659764643e-01-3.943978325e-01
-4.193664977e-01-4.404826129e-01-4.573793820e-01-4.697372576e-01-4.772960888e-01
-4.798651033e-01-4.773306339e-01-4.696614806e-01-4.569116762e-01-4.392202415e-01
-4.168073317e-01-3.899660649e-01-3.590492956e-01-3.244519787e-01-2.865902312e-01
-2.458776782e-01-2.026999249e-01-1.573878864e-01-1.101991411e-01-6.133080853e-02
-1.095194290e-02 4.074951582e-02 9.351874426e-02 1.470393934e-01 2.009650485e-01
 2.549580157e-01 3.087667084e-01 3.623836768e-01 4.162727950e-01 4.693201736e-01
 5.216381671e-01 5.733021971e-01 6.243702543e-01 6.748906866e-01 7.249055564e-01
 6.927482255e-01 6.648883559e-01 6.362044901e-01 6.066638251e-01 5.762308655e-01
 5.448672997e-01 5.125318893e-01 4.791804217e-01 4.447658562e-01 4.092390103e-01
 3.725507268e-01 3.346597426e-01 2.957570705e-01 2.559430881e-01 2.153574033e-01
 1.741688323e-01 1.325648175e-01 9.074276220e-02 4.890709883e-02 7.265737426e-03
-3.397456618e-02-7.461276315e-02-1.144482963e-01-1.532688744e-01-1.908388947e-01
-2.268898472e-01-2.611144377e-01-2.931703585e-01-3.226911451e-01-3.492984998e-01
-3.726156159e-01-3.922810086e-01-4.079622754e-01-4.193690896e-01-4.262648323e-01
-4.284763712e-01-4.259015261e-01-4.185140100e-01-4.063655651e-01-3.895848723e-01
-3.683727279e-01-3.429933207e-01-3.137615287e-01-2.810265079e-01-2.451521400e-01
-2.064949851e-01-1.653803690e-01-1.220815344e-01-7.682040343e-02-2.978545246e-02
 1.883651737e-02 6.881692489e-02 1.198681066e-01 1.716633763e-01 2.238684153e-01
 2.761875516e-01 3.284851848e-01 3.809937465e-01 4.330287901e-01 4.845064973e-01
 5.354300803e-01 5.858267476e-01 6.357303122e-01 6.851751270e-01 7.341940232e-01
 6.978485672e-01 6.706079518e-01 6.425996536e-01 6.137951193e-01 5.841636518e-01
 5.536723469e-01 5.222860307e-01 4.899672012e-01 4.566759742e-01 4.223700038e-01
 3.870042295e-01 3.505294220e-01 3.131107715e-01 2.748406387e-01 2.358501548e-01
 1.963007718e-01 1.563766840e-01 1.162749938e-01 7.620131523e-02 3.636735763e-02
-3.012392530e-03-4.172463909e-02-7.955971768e-02-1.163047328e-01-1.517339758e-01
-1.856010279e-01-2.176335601e-01-2.475319004e-01-2.749739682e-01-2.996262996e-01
-3.211560396e-01-3.392433789e-01-3.535939112e-01-3.639503740e-01-3.701032329e-01
-3.718996016e-01-3.692500437e-01-3.621328738e-01-3.505956097e-01-3.347532535e-01
-3.147831413e-01-2.909162598e-01-2.634250888e-01-2.326082079e-01-1.987720873e-01
-1.622104448e-01-1.231863531e-01-8.192815038e-02-3.863708174e-02 6.492947309e-03
 5.324323374e-02 1.013463572e-01 1.504947710e-01 2.003615311e-01 2.506290319e-01
 3.010479086e-01 3.515597282e-01 4.024645584e-01 4.528168613e-01 5.026863483e-01
 5.521096180e-01 6.011155782e-01 6.497311913e-01 6.979826318e-01 7.458952981e-01
 7.033202946e-01 6.767652489e-01 6.495034574e-01 6.215107412e-01 5.927613361e-01
 5.632278806e-01 5.328813874e-01 5.016911757e-01 4.696246989e-01 4.366471153e-01
 4.027202298e-01 3.678000613e-01 3.320087902e-01 2.954323474e-01 2.581933036e-01
 2.204436526e-01 1.823597989e-01 1.441355004e-01 1.059744837e-01 6.808813368e-02
 3.069319459e-02-5.991122534e-03-4.174626839e-02-7.635570891e-02-1.095991343e-01
-1.412458349e-01-1.710501901e-01-1.987499470e-01-2.240679049e-01-2.467170078e-01
-2.664098440e-01-2.828698604e-01-2.958422685e-01-3.051044317e-01-3.104752130e-01
-3.118227950e-01-3.090705362e-01-3.022004753e-01-2.912541482e-01-2.763304495e-01
-2.575803583e-01-2.351984840e-01-2.094115839e-01-1.804640921e-01-1.486013593e-01
-1.140574626e-01-7.704904215e-02-3.777724428e-02 3.560739721e-03 4.674939921e-02
 9.153491237e-02 1.376280084e-01 1.847175230e-01 2.324931143e-01 2.806857274e-01
 3.291764052e-01 3.781638064e-01 4.269260388e-01 4.753789609e-01 5.235095836e-01
 5.713252011e-01 6.188398876e-01 6.660703867e-01 7.130346072e-01 7.597509673e-01
 7.090434765e-01 6.832320863e-01 6.567782065e-01 6.296620274e-01 6.018627333e-01
 5.733585662e-01 5.441269005e-01 5.141443400e-01 4.833868603e-01 4.518300619e-01
 4.194497205e-01 3.862231302e-01 3.521344532e-01 3.173518891e-01 2.819807958e-01
 2.461572498e-01 2.100435371e-01 1.738236338e-01 1.376958440e-01 1.018672241e-01
 6.655167006e-02 3.196768855e-02-1.664098115e-03-3.412338330e-02-6.519160486e-02
-9.464854828e-02-1.222683267e-01-1.478174790e-01-1.710555220e-01-1.917380899e-01
-2.096226227e-01-2.244758344e-01-2.360823479e-01-2.442538473e-01-2.488371645e-01
-2.497208915e-01-2.468401886e-01-2.401794476e-01-2.297725136e-01-2.157002365e-01
-1.980851569e-01-1.770831034e-01-1.528728244e-01-1.256455661e-01-9.559567627e-02
-6.291474611e-02-2.779120067e-02 9.582961658e-03 4.899685451e-02 9.020864897e-02
 1.329464859e-01 1.769161636e-01 2.218155161e-01 2.673573522e-01 3.133357885e-01
 3.597209185e-01 4.068343562e-01 4.536417832e-01 5.002073090e-01 5.465564096e-01
 5.927031233e-01 6.386585038e-01 6.844333885e-01 7.300392851e-01 7.754885942e-01
 7.148923506e-01 6.898746525e-01 6.642806909e-01 6.380948708e-01 6.113011540e-01
 5.838831831e-01 5.558244339e-01 5.271084106e-01 4.977189197e-01 4.676404854e-01
 4.368590354e-01 4.053631151e-01 3.731456126e-01 3.402102135e-01 3.067895304e-01
 2.729876544e-01 2.389453217e-01 2.048302609e-01 1.708300085e-01 1.371442163e-01
 1.039799762e-01 7.154992712e-02 4.007014546e-02 9.757948155e-03-1.917014491e-02
-4.650003891e-02-7.201972951e-02-9.551728341e-02-1.167806701e-01-1.355994815e-01
-1.517684831e-01-1.650926625e-01-1.753933125e-01-1.825145371e-01-1.863294168e-01
-1.867452092e-01-1.837070676e-01-1.771998667e-01-1.672478720e-01-1.539121771e-01
-1.372860708e-01-1.174887903e-01-9.465859104e-02-6.894641115e-02-4.051153680e-02
-9.520838381e-03 2.384679134e-02 5.939070238e-02 9.688470693e-02 1.360775721e-01
 1.766983398e-01 2.184666931e-01 2.611101291e-01 3.044156533e-01 3.483071164e-01
 3.929972125e-01 4.377049643e-01 4.823622581e-01 5.269493016e-01 5.714585460e-01
 6.158872192e-01 6.602354069e-01 7.045055049e-01 7.487019882e-01 7.928312471e-01
 7.207383236e-01 6.965567769e-01 6.718658242e-01 6.466538092e-01 6.209091505e-01
 5.946205002e-01 5.677769230e-01 5.403681012e-01 5.123845597e-01 4.838178878e-01
 4.546608697e-01 4.249072672e-01 3.945506704e-01 3.635795966e-01 3.321911647e-01
 3.004836775e-01 2.685853753e-01 2.366485254e-01 2.048458301e-01 1.733655639e-01
 1.424055054e-01 1.121689826e-01 8.286307420e-02 5.469661787e-02 2.787815860e-02
 2.614004916e-03-2.089339724e-02-4.244698985e-02-6.185559861e-02-7.893442564e-02
-9.350710796e-02-1.054088927e-01-1.144905987e-01-1.206229512e-01-1.237007839e-01
-1.236466069e-01-1.204131089e-01-1.139842727e-01-1.043749441e-01-9.162889916e-02
-7.581569758e-02-5.702688520e-02-3.537234784e-02-1.097777462e-02 1.601529222e-02
 4.544571266e-02 7.713056366e-02 1.108639907e-01 1.464183150e-01 1.835486215e-01
 2.220010385e-01 2.615278421e-01 3.019301844e-01 3.431179392e-01 3.852345337e-01
 4.275458178e-01 4.699944267e-01 5.125414898e-01 5.551569820e-01 5.978200341e-01
 6.405164333e-01 6.832369189e-01 7.259761535e-01 7.687320912e-01 8.115055632e-01
 7.264530347e-01 7.031432189e-01 6.793902055e-01 6.551859291e-01 6.305228737e-01
 6.053942517e-01 5.797942048e-01 5.537180273e-01 5.271624147e-01 5.001257334e-01
 4.726083151e-01 4.446128003e-01 4.161446511e-01 3.872136987e-01 3.578402732e-01
 3.282387587e-01 2.985110096e-01 2.687888189e-01 2.392251401e-01 2.099905093e-01
 1.812687765e-01 1.532516985e-01 1.261347238e-01 1.001150529e-01 7.538964167e-02
 5.215318161e-02 3.059613253e-02 1.090286598e-02-6.750001639e-03-2.219530743e-02
-3.527726163e-02-4.585313046e-02-5.379545147e-02-5.899467102e-02-6.136176871e-02
-6.083050252e-02-5.735898514e-02-5.093039981e-02-4.155279412e-02-2.925806409e-02
-1.410045708e-02 3.844774562e-03 2.448162530e-02 4.769321911e-02 7.334154471e-02
 1.012667309e-01 1.312870425e-01 1.632005494e-01 1.967891219e-01 2.318255281e-01
 2.680913870e-01 3.054152210e-01 3.437169887e-01 3.831136183e-01 4.228655547e-01
 4.629130267e-01 5.032135317e-01 5.437268631e-01 5.844201774e-01 6.252671163e-01
 6.662471009e-01 7.073445783e-01 7.485483740e-01 7.898511812e-01 8.312491696e-01
 7.319114089e-01 7.095028377e-01 6.867154210e-01 6.635442998e-01 6.399855929e-01
 6.160365884e-01 5.916959575e-01 5.669639973e-01 5.418429059e-01 5.163371024e-01
 4.904536065e-01 4.642025147e-01 4.375976460e-01 4.106573771e-01 3.834052546e-01
 3.558730992e-01 3.283002710e-01 3.007901267e-01 2.734728985e-01 2.464974080e-01
 2.200279564e-01 1.942403616e-01 1.693168374e-01 1.454415127e-01 1.227980535e-01
 1.015677882e-01 8.192775956e-02 6.404878297e-02 4.809357799e-02 3.421495301e-02
 2.255404746e-02 1.323866078e-02 6.381568264e-03 2.078834294e-03 4.082375950e-04
 1.427917685e-03 5.175338164e-03 1.166661583e-02 2.089620416e-02 3.283686676e-02
 4.743979350e-02 6.463467924e-02 8.432967794e-02 1.064113581e-01 1.307449950e-01
 1.571752544e-01 1.855279260e-01 2.156128808e-01 2.472298148e-01 2.801876498e-01
 3.143359027e-01 3.496333707e-01 3.862099851e-01 4.232882119e-01 4.608065235e-01
 4.987183644e-01 5.369779333e-01 5.755450960e-01 6.143847615e-01 6.534671555e-01
 6.927676265e-01 7.322663115e-01 7.719477722e-01 8.118006558e-01 8.518174034e-01
 7.369946433e-01 7.155116055e-01 6.937110952e-01 6.715910669e-01 6.491508306e-01
 6.263912441e-01 6.033149284e-01 5.799265117e-01 5.562329087e-01 5.322436401e-01
 5.079712029e-01 4.834314992e-01 4.586443239e-01 4.336339069e-01 4.084295202e-01
 3.830649893e-01 3.575825983e-01 3.322413651e-01 3.071404908e-01 2.824014650e-01
 2.581691341e-01 2.346000640e-01 2.118589753e-01 1.901148912e-01 1.695375401e-01
 1.502942416e-01 1.325480762e-01 1.164561172e-01 1.021675781e-01 8.982208178e-02
 7.954803111e-02 7.146108466e-02 6.566272880e-02 6.223895327e-02 6.125903707e-02
 6.277446990e-02 6.681802119e-02 7.340296105e-02 8.252243289e-02 9.414897596e-02
 1.082342214e-01 1.247088522e-01 1.434827540e-01 1.644457170e-01 1.874687442e-01
 2.124064978e-01 2.390998263e-01 2.673855425e-01 2.971098661e-01 3.281355198e-01
 3.603717009e-01 3.940685936e-01 4.283954934e-01 4.632973827e-01 4.987254955e-01
 5.346288440e-01 5.709608505e-01 6.076792166e-01 6.447465760e-01 6.821304963e-01
 7.198033637e-01 7.577421826e-01 7.959283426e-01 8.343473880e-01 8.729888097e-01
 7.415930850e-01 7.210554330e-01 7.002576796e-01 6.792002201e-01 6.578851292e-01
 6.363163411e-01 6.144998550e-01 5.924439660e-01 5.701595287e-01 5.476602558e-01
 5.249630545e-01 5.020884033e-01 4.790607625e-01 4.559089926e-01 4.326667063e-01
 4.093727175e-01 3.860699095e-01 3.628079682e-01 3.398568084e-01 3.172867148e-01
 2.952328545e-01 2.738362681e-01 2.532416115e-01 2.335982727e-01 2.150583891e-01
 1.977738614e-01 1.818937788e-01 1.675615666e-01 1.549130547e-01 1.440749923e-01
 1.351636010e-01 1.282832087e-01 1.235249848e-01 1.209657799e-01 1.206670433e-01
 1.226738179e-01 1.270137996e-01 1.336964550e-01 1.427122176e-01 1.540318313e-01
 1.676060684e-01 1.833658246e-01 2.012232108e-01 2.210724706e-01 2.427944798e-01
 2.662648272e-01 2.913642654e-01 3.179913203e-01 3.461115108e-01 3.757841794e-01
 4.063180109e-01 4.377591852e-01 4.699633143e-01 5.028429445e-01 5.363274802e-01
 5.703583458e-01 6.048843396e-01 6.398604341e-01 6.752469997e-01 7.110094300e-01
 7.471178715e-01 7.835469999e-01 8.202758201e-01 8.572874870e-01 8.945691505e-01
 7.456089580e-01 7.260327640e-01 7.062489307e-01 6.862599722e-01 6.660703458e-01
 6.456866139e-01 6.251176282e-01 6.043747400e-01 5.834720377e-01 5.624266155e-01
 5.412588764e-01 5.199928748e-01 4.986567050e-01 4.772829562e-01 4.559092867e-01
 4.345791713e-01 4.133435542e-01 3.922626810e-01 3.714172304e-01 3.508415375e-01
 3.308474836e-01 3.115329038e-01 2.930096446e-01 2.754051758e-01 2.588507307e-01
 2.434795486e-01 2.294242709e-01 2.168137161e-01 2.057700067e-01 1.964068738e-01
 1.888282524e-01 1.831270558e-01 1.793840942e-01 1.776670948e-01 1.780297466e-01
 1.805107854e-01 1.851331061e-01 1.919028547e-01 2.008084301e-01 2.118194719e-01
 2.248862772e-01 2.399414763e-01 2.569028636e-01 2.756764227e-01 2.961591329e-01
 3.182701567e-01 3.419506351e-01 3.671440614e-01 3.940772770e-01 4.219249256e-01
 4.506526128e-01 4.802235649e-01 5.105753350e-01 5.416400720e-01 5.733553862e-01
 6.056644952e-01 6.385164083e-01 6.718654867e-01 7.056711279e-01 7.398974900e-01
 7.745132728e-01 8.094915353e-01 8.448095393e-01 8.804486160e-01 9.163940534e-01
 7.489588764e-01 7.303568758e-01 7.115940241e-01 6.926747012e-01 6.736054313e-01
 6.543950215e-01 6.350547212e-01 6.155984044e-01 5.960427750e-01 5.764075969e-01
 5.567159516e-01 5.369945257e-01 5.172739308e-01 4.975890608e-01 4.779794839e-01
 4.584898757e-01 4.391703075e-01 4.200765159e-01 4.012672999e-01 3.827986134e-01
 3.647313302e-01 3.473889898e-01 3.308256127e-01 3.151599258e-01 3.005014702e-01
 2.869627237e-01 2.746630137e-01 2.637153573e-01 2.542257848e-01 2.462926895e-01
 2.400060474e-01 2.354463851e-01 2.326836996e-01 2.317764592e-01 2.327707428e-01
 2.356995411e-01 2.405821905e-01 2.474238269e-01 2.562146238e-01 2.669284762e-01
 2.795213851e-01 2.939298230e-01 3.100940187e-01 3.279473009e-01 3.473788375e-01
 3.684164421e-01 3.912813220e-01 4.152225541e-01 4.403133838e-01 4.664201623e-01
 4.934605064e-01 5.213651189e-01 5.500679482e-01 5.795068297e-01 6.096231701e-01
 6.403627995e-01 6.716760872e-01 7.035179543e-01 7.358477746e-01 7.686292565e-01
 8.018303236e-01 8.354230033e-01 8.693833274e-01 9.036912461e-01 9.383305561e-01
 7.515760397e-01 7.339578090e-01 7.162192481e-01 6.983664262e-01 6.804076916e-01
 6.623537885e-01 6.442179914e-01 6.260162580e-01 6.077673982e-01 5.894932615e-01
 5.712189421e-01 5.529730035e-01 5.347877207e-01 5.166993391e-01 4.987483411e-01
 4.809796995e-01 4.634431097e-01 4.461930353e-01 4.292890511e-01 4.127960890e-01
 3.967872601e-01 3.813560888e-01 3.665318286e-01 3.526603506e-01 3.397701553e-01
 3.279361409e-01 3.172836930e-01 3.079094561e-01 2.998986265e-01 2.933305387e-01
 2.882788521e-01 2.848102936e-01 2.829832687e-01 2.828467507e-01 2.844395811e-01
 2.877903059e-01 2.929176567e-01 2.998316641e-01 3.085348796e-01 3.190213499e-01
 3.312648165e-01 3.451808820e-01 3.607911484e-01 3.782580301e-01 3.969573453e-01
 4.169730701e-01 4.383113589e-01 4.608278461e-01 4.844420413e-01 5.090725617e-01
 5.346423007e-01 5.610819502e-01 5.883275570e-01 6.163191789e-01 6.450009002e-01
 6.743207209e-01 7.042305983e-01 7.346864456e-01 7.656481145e-01 7.970793571e-01
 8.289477813e-01 8.612248021e-01 8.938855953e-01 9.269090551e-01 9.602777593e-01
 7.534119606e-01 7.367838201e-01 7.200692155e-01 7.032757912e-01 6.864135410e-01
 6.694949108e-01 6.525349125e-01 6.355512488e-01 6.185644460e-01 6.015979974e-01
 5.846785158e-01 5.678358968e-01 5.511034913e-01 5.345182879e-01 5.181211008e-01
 5.019567645e-01 4.860743295e-01 4.705273104e-01 4.553739273e-01 4.406777159e-01
 4.265086266e-01 4.129422276e-01 4.000584531e-01 3.879659543e-01 3.767198720e-01
 3.663286675e-01 3.571765517e-01 3.492693818e-01 3.426485112e-01 3.373679094e-01
 3.334838892e-01 3.310499080e-01 3.301137234e-01 3.307158473e-01 3.328889689e-01
 3.366584542e-01 3.420444998e-01 3.490673580e-01 3.577589228e-01 3.681883993e-01
 3.805205230e-01 3.941632538e-01 4.092086515e-01 4.256704934e-01 4.434375072e-01
 4.624564440e-01 4.826739021e-01 5.040204090e-01 5.264253876e-01 5.498188855e-01
 5.741344723e-01 5.993089560e-01 6.252825520e-01 6.519989003e-01 6.794049507e-01
 7.074510037e-01 7.360907470e-01 7.652812994e-01 7.949832433e-01 8.251606467e-01
 8.557810737e-01 8.868155888e-01 9.182387549e-01 9.500286288e-01 9.821667563e-01
 7.544375450e-01 7.388022534e-01 7.231075478e-01 7.073625578e-01 6.915787829e-01
 6.757701929e-01 6.599533272e-01 6.441473934e-01 6.283743655e-01 6.126590812e-01
 5.970293418e-01 5.815160155e-01 5.661531440e-01 5.509780545e-01 5.360314761e-01
 5.213576622e-01 5.070045225e-01 4.930237650e-01 4.794710885e-01 4.664063641e-01
 4.538937570e-01 4.420020650e-01 4.308041462e-01 4.203763898e-01 4.107933921e-01
 4.021356552e-01 3.945244481e-01 3.880345938e-01 3.827272677e-01 3.786578378e-01
 3.758774514e-01 3.744327106e-01 3.743649682e-01 3.757097610e-01 3.784966012e-01
 3.827492427e-01 3.884864772e-01 3.957233023e-01 4.044716109e-01 4.147371676e-01
 4.265026135e-01 4.396531068e-01 4.541403608e-01 4.699212686e-01 4.869414694e-01
 5.051462771e-01 5.244807227e-01 5.448859576e-01 5.663023495e-01 5.886703150e-01
 6.119310337e-01 6.360274214e-01 6.609045135e-01 6.865096943e-01 7.127928985e-01
 7.397067516e-01 7.672066975e-01 7.952511058e-01 8.238013645e-01 8.528219551e-01
 8.822805147e-01 9.121478831e-01 9.423981406e-01 9.730086337e-01 1.003959995e+00
 7.546433679e-01 7.399997730e-01 7.253170379e-01 7.106056563e-01 6.958784985e-01
 6.811509185e-01 6.664408433e-01 6.517688438e-01 6.371581939e-01 6.226349187e-01
 6.082278383e-01 5.939686078e-01 5.798917580e-01 5.660347364e-01 5.524379495e-01
 5.391448064e-01 5.262017622e-01 5.136583598e-01 5.015672576e-01 4.899842424e-01
 4.789682003e-01 4.685808804e-01 4.588866996e-01 4.499525384e-01 4.418466412e-01
 4.346399575e-01 4.284053596e-01 4.232088437e-01 4.191086382e-01 4.161567573e-01
 4.143998622e-01 4.138795021e-01 4.146320256e-01 4.166883951e-01 4.200740318e-01
 4.248087223e-01 4.309065066e-01 4.383752941e-01 4.472156757e-01 4.574180989e-01
 4.689577930e-01 4.817934277e-01 4.958822079e-01 5.111811255e-01 5.276437354e-01
 5.452221548e-01 5.638666707e-01 5.835260020e-01 6.041475875e-01 6.256783823e-01
 6.480656052e-01 6.712572329e-01 6.952024587e-01 7.198520545e-01 7.451586492e-01
 7.710769661e-01 7.975640233e-01 8.245793050e-01 8.520849108e-01 8.800456816e-01
 9.084293065e-01 9.372064107e-01 9.663506253e-01 9.958386406e-01 1.025650244e+00
 7.540391417e-01 7.403820313e-01 7.266994144e-01 7.130029402e-01 6.993066919e-01
 6.856273005e-01 6.719840152e-01 6.583987367e-01 6.448960248e-01 6.315030875e-01
 6.182497589e-01 6.051684716e-01 5.922942271e-01 5.796645655e-01 5.673195359e-01
 5.553016637e-01 5.436559141e-01 5.324296434e-01 5.216725329e-01 5.114364867e-01
 5.017754764e-01 4.927453425e-01 4.844034627e-01 4.768082934e-01 4.700189568e-01
 4.640945917e-01 4.590935499e-01 4.550706404e-01 4.520763966e-01 4.501567603e-01
 4.493530082e-01 4.497016753e-01 4.512344257e-01 4.539778810e-01 4.579534266e-01
 4.631769868e-01 4.696587237e-01 4.774025752e-01 4.864055470e-01 4.966567805e-01
 5.081368310e-01 5.208175637e-01 5.346662736e-01 5.496465180e-01 5.657188364e-01
 5.828410715e-01 6.009689628e-01 6.200564646e-01 6.400562849e-01 6.609203590e-01
 6.826003307e-01 7.050480421e-01 7.282159539e-01 7.520575138e-01 7.765274835e-01
 8.015822235e-01 8.271799465e-01 8.532809403e-01 8.798477660e-01 9.068454296e-01
 9.342415305e-01 9.620063859e-01 9.901131306e-01 1.018537793e+00 1.047259350e+00
 7.526526781e-01 7.399731006e-01 7.272750189e-01 7.145709206e-01 7.018759307e-01
 6.892079077e-01 6.765874676e-01 6.640379512e-01 6.515853557e-01 6.392582436e-01
 6.270876405e-01 6.151069298e-01 6.033517491e-01 5.918598897e-01 5.806711988e-01
 5.698274827e-01 5.593724051e-01 5.493513760e-01 5.398114209e-01 5.308010217e-01
 5.223699188e-01 5.145688508e-01 5.074492420e-01 5.010628215e-01 4.954611111e-01
 4.906948582e-01 4.868131881e-01 4.838628189e-01 4.818872737e-01 4.809264220e-01
 4.810161665e-01 4.821882036e-01 4.844698095e-01 4.878836331e-01 4.924474827e-01
 4.981740993e-01 5.050709007e-01 5.131396882e-01 5.223763303e-01 5.327704977e-01
 5.443056089e-01 5.569594150e-01 5.707046889e-01 5.855101907e-01 6.013412321e-01
 6.181602770e-01 6.359273714e-01 6.546006039e-01 6.741365232e-01 6.944905870e-01
 7.156176048e-01 7.374721543e-01 7.600089807e-01 7.831833697e-01 8.069514913e-01
 8.312707180e-01 8.560999171e-01 8.813997168e-01 9.071327486e-01 9.332638623e-01
 9.597603147e-01 9.865919294e-01 1.013731227e+00 1.041153521e+00 1.068836989e+00
 7.505291024e-01 7.388153232e-01 7.270829411e-01 7.153449139e-01 7.036173049e-01
 6.919192990e-01 6.802731184e-01 6.687038727e-01 6.572393715e-01 6.459099218e-01
 6.347481249e-01 6.237886817e-01 6.130682111e-01 6.026250819e-01 5.924992566e-01
 5.827321425e-01 5.733664445e-01 5.644460136e-01 5.560156828e-01 5.481210818e-01
 5.408084228e-01 5.341242505e-01 5.281151428e-01 5.228273585e-01 5.183064381e-01
 5.145967305e-01 5.117408941e-01 5.097793213e-01 5.087496698e-01 5.086864542e-01
 5.096207156e-01 5.115797481e-01 5.145868614e-01 5.186611662e-01 5.238173723e-01
 5.300655953e-01 5.374111721e-01 5.458544913e-01 5.553908626e-01 5.660104656e-01
 5.776984395e-01 5.904351052e-01 6.041964556e-01 6.189545881e-01 6.346781794e-01
 6.513329058e-01 6.688818705e-01 6.872860025e-01 7.065044620e-01 7.264950371e-01
 7.472145395e-01 7.686191994e-01 7.906650501e-01 8.133083023e-01 8.365057050e-01
 8.602148919e-01 8.843947096e-01 9.090055279e-01 9.340095258e-01 9.593709538e-01
 9.850563654e-01 1.011034817e+00 1.037278028e+00 1.063760507e+00 1.090459630e+00
 7.477316098e-01 7.369706085e-01 7.261823874e-01 7.153801514e-01 7.045810675e-01
 6.938060773e-01 6.830796006e-01 6.724291849e-01 6.618851389e-01 6.514801791e-01
 6.412491025e-01 6.312284934e-01 6.214564646e-01 6.119724308e-01 6.028169062e-01
 5.940313220e-01 5.856578533e-01 5.777392498e-01 5.703186605e-01 5.634394475e-01
 5.571449803e-01 5.514784061e-01 5.464823910e-01 5.421988318e-01 5.386685323e-01
 5.359308538e-01 5.340233398e-01 5.329813506e-01 5.328377038e-01 5.336223543e-01
 5.353621118e-01 5.380803934e-01 5.417970037e-01 5.465279393e-01 5.522852117e-01
 5.590766901e-01 5.669059650e-01 5.757722415e-01 5.856702752e-01 5.965903684e-01
 6.085184446e-01 6.214362242e-01 6.353214500e-01 6.501481908e-01 6.658871544e-01
 6.825060225e-01 6.999697847e-01 7.182410822e-01 7.372805564e-01 7.570472078e-01
 7.774987630e-01 7.985920476e-01 8.202833653e-01 8.425288803e-01 8.652849991e-01
 8.885087498e-01 9.121581536e-01 9.361925843e-01 9.605731092e-01 9.852628067e-01
 1.010227051e+00 1.035433761e+00 1.060853603e+00 1.086460142e+00 1.112229943e+00
 7.443455729e-01 7.345245128e-01 7.246561931e-01 7.147544049e-01 7.048382282e-01
 6.949314347e-01 6.850618221e-01 6.752605527e-01 6.655615395e-01 6.560009047e-01
 6.466165145e-01 6.374475915e-01 6.285343926e-01 6.199179429e-01 6.116398125e-01
 6.037419223e-01 5.962663701e-01 5.892552646e-01 5.827505609e-01 5.767938901e-01
 5.714263781e-01 5.666884501e-01 5.626196177e-01 5.592582485e-01 5.566413194e-01
 5.548041553e-01 5.537801614e-01 5.536005521e-01 5.542940926e-01 5.558868544e-01
 5.584019911e-01 5.618595343e-01 5.662762091e-01 5.716652676e-01 5.780363403e-01
 5.853953068e-01 5.937441872e-01 6.030810614e-01 6.134000224e-01 6.246911710e-01
 6.369406608e-01 6.501307912e-01 6.642401563e-01 6.792438258e-01 6.951135606e-01
 7.118180495e-01 7.293231684e-01 7.475922575e-01 7.665864183e-01 7.862648305e-01
 8.065850894e-01 8.275035655e-01 8.489757825e-01 8.709568155e-01 8.934017030e-01
 9.162658704e-01 9.395055582e-01 9.630782471e-01 9.869430709e-01 1.011061207e+00
 1.035396236e+00 1.059914453e+00 1.084585127e+00 1.109380699e+00 1.134276906e+00
 7.404882613e-01 7.315945814e-01 7.226172916e-01 7.135724284e-01 7.044830472e-01
 6.953779139e-01 6.862902743e-01 6.772567710e-01 6.683165319e-01 6.595104316e-01
 6.508805087e-01 6.424695147e-01 6.343205701e-01 6.264768998e-01 6.189816263e-01
 6.118776001e-01 6.052072523e-01 5.990124564e-01 5.933343926e-01 5.882134081e-01
 5.836888699e-01 5.797990091e-01 5.765807566e-01 5.740695685e-01 5.722992450e-01
 5.713017432e-01 5.711069868e-01 5.717426778e-01 5.732341115e-01 5.756039999e-01
 5.788723041e-01 5.830560779e-01 5.881693223e-01 5.942228502e-01 6.012241644e-01
 6.091773477e-01 6.180829694e-01 6.279380099e-01 6.387358094e-01 6.504660430e-01
 6.631147269e-01 6.766642578e-01 6.910934829e-01 7.063778016e-01 7.224892956e-01
 7.393968849e-01 7.570665114e-01 7.754613498e-01 7.945420484e-01 8.142670029e-01
 8.345926652e-01 8.554738893e-01 8.768643154e-01 8.987167906e-01 9.209838252e-01
 9.436180771e-01 9.665728577e-01 9.898026486e-01 1.013263614e+00 1.036914099e+00
 1.060715083e+00 1.084630598e+00 1.108628061e+00 1.132678535e+00 1.156756891e+00
 7.363266966e-01 7.283441442e-01 7.202183416e-01 7.119717739e-01 7.036356305e-01
 6.952474476e-01 6.868491553e-01 6.784855315e-01 6.702030218e-01 6.620488703e-01
 6.540705005e-01 6.463150891e-01 6.388292791e-01 6.316589893e-01 6.248492826e-01
 6.184442668e-01 6.124870074e-01 6.070194412e-01 6.020822837e-01 5.977149282e-01
 5.939553368e-01 5.908399263e-01 5.884034486e-01 5.866788699e-01 5.856972489e-01
 5.854876151e-01 5.860768480e-01 5.874895578e-01 5.897479682e-01 5.928718017e-01
 5.968781669e-01 6.017814488e-01 6.075932018e-01 6.143220450e-01 6.219735623e-01
 6.305502065e-01 6.400512104e-01 6.504725074e-01 6.618066633e-01 6.740428234e-01
 6.871666759e-01 7.011604347e-01 7.160028436e-01 7.316692020e-01 7.481314142e-01
 7.653580651e-01 7.833145253e-01 8.019630898e-01 8.212631557e-01 8.411714456e-01
 8.616422820e-01 8.826279176e-01 9.040789270e-01 9.259446598e-01 9.481737545e-01
 9.707147074e-01 9.935164878e-01 1.016529182e+00 1.039704654e+00 1.062997186e+00
 1.086364096e+00 1.109766281e+00 1.133168683e+00 1.156540633e+00 1.179856080e+00
 7.321055419e-01 7.250013233e-01 7.176630274e-01 7.101279375e-01 7.024424799e-01
 6.946586894e-01 6.868316075e-01 6.790174382e-01 6.712722962e-01 6.636514039e-01
 6.562086189e-01 6.489961914e-01 6.420646699e-01 6.354628903e-01 6.292379999e-01
 6.234354825e-01 6.180991653e-01 6.132711999e-01 6.089920166e-01 6.053002596e-01
 6.022327101e-01 5.998242057e-01 5.981075613e-01 5.971134974e-01 5.968705747e-01
 5.974051364e-01 5.987412552e-01 6.009006827e-01 6.039027984e-01 6.077645571e-01
 6.125004307e-01 6.181223453e-01 6.246396117e-01 6.320588493e-01 6.403839045e-01
 6.496157636e-01 6.597524633e-01 6.707889982e-01 6.827172298e-01 6.955257971e-01
 7.092000330e-01 7.237218875e-01 7.390698604e-01 7.552189482e-01 7.721406068e-01
 7.898027375e-01 8.081697016e-01 8.272023717e-01 8.468582304e-01 8.670915263e-01
 8.878534988e-01 9.090926834e-01 9.307553056e-01 9.527857711e-01 9.751272542e-01
 9.977223794e-01 1.020513987e+00 1.043445960e+00 1.066464094e+00 1.089516964e+00
 1.112556761e+00 1.135540054e+00 1.158428428e+00 1.181188986e+00 1.203794652e+00
 7.281830683e-01 7.218787840e-01 7.152138441e-01 7.082539174e-01 7.010707944e-01
 6.937382759e-01 6.863295221e-01 6.789154338e-01 6.715637668e-01 6.643387586e-01
 6.573010988e-01 6.505081120e-01 6.440140438e-01 6.378703699e-01 6.321260680e-01
 6.268278192e-01 6.220201258e-01 6.177453533e-01 6.140437104e-01 6.109531941e-01
 6.085095191e-01 6.067460528e-01 6.056937661e-01 6.053812063e-01 6.058344921e-01
 6.070773252e-01 6.091310131e-01 6.120144943e-01 6.157443615e-01 6.203348745e-01
 6.257979611e-01 6.321432017e-01 6.393777971e-01 6.475065194e-01 6.565316454e-01
 6.664528744e-01 6.772672315e-01 6.889689577e-01 7.015493886e-01 7.149968239e-01
 7.292963884e-01 7.444298886e-01 7.603756669e-01 7.771084570e-01 7.945992473e-01
 8.128151580e-01 8.317193426e-01 8.512709259e-01 8.714249926e-01 8.921326448e-01
 9.133411472e-01 9.349941804e-01 9.570322198e-01 9.793930584e-01 1.002012481e+00
 1.024825091e+00 1.047765282e+00 1.070768327e+00 1.093771551e+00 1.116715532e+00
 1.139545284e+00 1.162211339e+00 1.184670674e+00 1.206887424e+00 1.228833334e+00
 7.250612768e-01 7.193806163e-01 7.131849886e-01 7.065854337e-01 6.996901448e-01
 6.926015678e-01 6.854149426e-01 6.782177846e-01 6.710899992e-01 6.641044205e-01
 6.573276097e-01 6.508207694e-01 6.446406454e-01 6.388403171e-01 6.334698069e-01
 6.285764811e-01 6.242052525e-01 6.203986208e-01 6.171966063e-01 6.146366326e-01
 6.127534086e-01 6.115788442e-01 6.111420163e-01 6.114691915e-01 6.125838940e-01
 6.145070087e-01 6.172568999e-01 6.208495336e-01 6.252985878e-01 6.306155437e-01
 6.368097510e-01 6.438884628e-01 6.518568413e-01 6.607179322e-01 6.704726104e-01
 6.811194975e-01 6.926548538e-01 7.050724455e-01 7.183633881e-01 7.325159678e-01
 7.475154424e-01 7.633438219e-01 7.799796330e-01 7.973976691e-01 8.155687327e-01
 8.344593786e-01 8.540316684e-01 8.742429526e-01 8.950457023e-01 9.163874137e-01
 9.382106179e-01 9.604530293e-01 9.830478663e-01 1.005924379e+00 1.029008607e+00
 1.052224386e+00 1.075494590e+00 1.098742592e+00 1.121893886e+00 1.144877798e+00
 1.167629193e+00 1.190090070e+00 1.212210942e+00 1.233951899e+00 1.255283284e+00
 9.252106676e-01 9.387517899e-01 9.541559575e-01 9.704349836e-01 9.873891190e-01
 1.005066161e+00 1.023453404e+00 1.042572301e+00 1.062452233e+00 1.083105829e+00
 1.104551096e+00 1.126815279e+00 1.149912715e+00 1.173858562e+00 1.198663247e+00
 1.224340478e+00 1.250910008e+00 1.278380992e+00 1.306755737e+00 1.336054522e+00
 1.366289057e+00 1.397456037e+00 1.429548588e+00 1.462567911e+00 1.496510470e+00
 1.531341288e+00 1.567007168e+00 1.603485309e+00 1.640758023e+00 1.678774805e+00
 1.717512377e+00 1.756981501e+00 1.797199221e+00 1.838186237e+00 1.879985732e+00
 1.922658928e+00 1.966292046e+00 2.011007125e+00 2.056946716e+00 2.104274901e+00
 2.153195167e+00 2.203947730e+00 2.256763291e+00 2.311880613e+00 2.369564044e+00
 2.430099425e+00 2.493796502e+00 2.561001496e+00 2.632103799e+00 2.707552889e+00
 2.787864042e+00 2.873620858e+00 2.965489515e+00 3.064240381e+00 3.170797908e+00
 3.286371179e+00 3.412435601e+00 3.550865096e+00 3.703667281e+00 3.872840441e+00
 4.062208813e+00 4.279570212e+00 4.538959636e+00 4.921004086e+00 8.441678363e+00
  500  251
 2.634551865e+00-1.412424451e+00 2.645672475e+00-1.402737286e+00 2.656846737e+00
-1.393112053e+00 2.668069426e+00-1.383543325e+00 2.679335416e+00-1.374025616e+00
 2.690641246e+00-1.364555263e+00 2.701983201e+00-1.355128204e+00 2.713357793e+00
-1.345740550e+00 2.724762029e+00-1.336388928e+00 2.736192572e+00-1.327069479e+00
 2.747650125e+00-1.317783257e+00 2.759139437e+00-1.308536361e+00 2.770662222e+00
-1.299331210e+00 2.782217924e+00-1.290167414e+00 2.793806744e+00-1.281045538e+00
 2.805425728e+00-1.271962111e+00 2.817060321e+00-1.262898681e+00 2.828681425e+00
-1.253817967e+00 2.840272294e+00-1.244698692e+00 2.851847264e+00-1.235559240e+00
 2.863438563e+00-1.226440511e+00 2.875061180e+00-1.217361737e+00 2.886711191e+00
-1.208318135e+00 2.898369208e+00-1.199284854e+00 2.910017576e+00-1.190239137e+00
 2.921653526e+00-1.181177449e+00 2.933294234e+00-1.172121876e+00 2.944955263e+00
-1.163092487e+00 2.956639034e+00-1.154092546e+00 2.968340416e+00-1.145115510e+00
 2.980055635e+00-1.136156541e+00 2.991776935e+00-1.127205528e+00 3.003482794e+00
-1.118234336e+00 3.015150385e+00-1.109213438e+00 3.026778027e+00-1.100141101e+00
 3.038385767e+00-1.091043304e+00 3.050001024e+00-1.081955108e+00 3.061628231e+00
-1.072882206e+00 3.073250856e+00-1.063803435e+00 3.084839763e+00-1.054681676e+00
 3.096380677e+00-1.045499273e+00 3.107880087e+00-1.036264937e+00 3.119359583e+00
-1.027005850e+00 3.130833756e+00-1.017740168e+00 3.142298418e+00-1.008462721e+00
 3.153733376e+00-9.991486984e-01 3.165114530e+00-9.897690171e-01 3.176435096e+00
-9.803162972e-01 3.187705261e+00-9.708035305e-01 3.198944813e+00-9.612546080e-01
 3.210160231e+00-9.516773504e-01 3.221343633e+00-9.420627325e-01 3.232471786e+00
-9.323842404e-01 3.243525498e+00-9.226208232e-01 3.254503016e+00-9.127718071e-01
 3.265418696e+00-9.028542870e-01 3.276291223e+00-8.928894719e-01 3.287124145e+00
-8.828816171e-01 3.297904528e+00-8.728172002e-01 3.308605643e+00-8.626685610e-01
 3.319211097e+00-8.524199986e-01 3.329723891e+00-8.420763976e-01 3.340163646e+00
-8.316590685e-01 3.350552756e+00-8.211912247e-01 3.360892220e+00-8.106743448e-01
 3.371160939e+00-8.000883927e-01 3.381326576e+00-7.894034418e-01 3.391371370e+00
-7.786048099e-01 3.401303428e+00-7.677023829e-01 3.411144605e+00-7.567178358e-01
 3.420910050e+00-7.456659072e-01 3.430588842e+00-7.345380247e-01 3.440169063e+00
-7.233251708e-01 3.449655548e+00-7.120328923e-01 3.459068421e+00-7.006791692e-01
 3.468422404e+00-6.892768767e-01 3.477708398e+00-6.778191577e-01 3.486896897e+00
-6.662831290e-01 3.495955402e+00-6.546447679e-01 3.504875360e+00-6.428998764e-01
 3.513672634e+00-6.310627923e-01 3.522370969e+00-6.191528019e-01 3.530975769e+00
-6.071750653e-01 3.539470949e+00-5.951193457e-01 3.547847446e+00-5.829808629e-01
 3.556113874e+00-5.707671442e-01 3.564285902e+00-5.584900567e-01 3.572360892e+00
-5.461489382e-01 3.580322664e+00-5.337344850e-01 3.588165334e+00-5.212444474e-01
 3.595897915e+00-5.086859470e-01 3.603533598e+00-4.960682920e-01 3.611066695e+00
-4.833891332e-01 3.618481992e+00-4.706407301e-01 3.625774969e+00-4.578219561e-01
 3.632954618e+00-4.449393574e-01 3.640033205e+00-4.320009481e-01 3.647004489e+00
-4.190044195e-01 3.653852848e+00-4.059427078e-01 3.660573028e+00-3.928145857e-01
 3.667174337e+00-3.796262811e-01 3.673670985e+00-3.663861013e-01 3.680058635e+00
-3.530930029e-01 3.686315338e+00-3.397377880e-01 3.692420091e+00-3.263124477e-01
 3.698363127e+00-3.128147428e-01 3.704155534e+00-2.992516953e-01 3.709823517e+00
-2.856361659e-01 3.715387741e+00-2.719778975e-01 3.720855686e+00-2.582808007e-01
 3.726221950e+00-2.445435543e-01 3.731470278e+00-2.307608292e-01 3.736589592e+00
-2.169296688e-01 3.741581009e+00-2.030518356e-01 3.746454371e+00-1.891321000e-01
 3.751216108e+00-1.751737870e-01 3.755851663e+00-1.611730763e-01 3.760338042e+00
-1.471238683e-01 3.764655548e+00-1.330218605e-01 3.768793550e+00-1.188661422e-01
 3.772761051e+00-1.046616791e-01 3.776574198e+00-9.041499465e-02 3.780244100e+00
-7.613073427e-02 3.783776452e+00-6.181183694e-02 3.787174543e+00-4.746048201e-02
 3.790444675e+00-3.307942610e-02 3.793593625e+00-1.867134677e-02 3.796627012e+00
-4.238493024e-03 3.799546036e+00 1.021792181e-02 3.802334761e+00 2.470002369e-02
 3.804972879e+00 3.921030451e-02 3.807444196e+00 5.374991312e-02 3.809737033e+00
 6.831872683e-02 3.811852149e+00 8.291440944e-02 3.813800050e+00 9.753335442e-02
 3.815589146e+00 1.121725878e-01 3.817225464e+00 1.268296876e-01 3.818711996e+00
 1.415027359e-01 3.820047864e+00 1.561902665e-01 3.821231841e+00 1.708908202e-01
 3.822262873e+00 1.856028913e-01 3.823140094e+00 2.003249337e-01 3.823863319e+00
 2.150553444e-01 3.824432507e+00 2.297925110e-01 3.824847460e+00 2.445348263e-01
 3.825107848e+00 2.592806813e-01 3.825213422e+00 2.740284572e-01 3.825164012e+00
 2.887765281e-01 3.824959357e+00 3.035232614e-01 3.824599098e+00 3.182670138e-01
 3.824082848e+00 3.330061284e-01 3.823410236e+00 3.477389352e-01 3.822580762e+00
 3.624637431e-01 3.821593756e+00 3.771788304e-01 3.820448543e+00 3.918824508e-01
 3.819145301e+00 4.065729081e-01 3.817684673e+00 4.212485531e-01 3.816067634e+00
 4.359077888e-01 3.814295300e+00 4.505490610e-01 3.812364532e+00 4.651702790e-01
 3.810267166e+00 4.797685231e-01 3.807991957e+00 4.943400985e-01 3.805524353e+00
 5.088803159e-01 3.802856510e+00 5.233851319e-01 3.799999126e+00 5.378538149e-01
 3.796970081e+00 5.522875518e-01 3.793793026e+00 5.666894504e-01 3.790491670e+00
 5.810633738e-01 3.787067227e+00 5.954084660e-01 3.783508254e+00 6.097207661e-01
 3.779796429e+00 6.239941734e-01 3.775908563e+00 6.382206184e-01 3.771832297e+00
 6.523942309e-01 3.767572871e+00 6.665138890e-01 3.763143837e+00 6.805812803e-01
 3.758566944e+00 6.946012794e-01 3.753865317e+00 7.085799519e-01 3.749042871e+00
 7.225174027e-01 3.744090605e+00 7.364092460e-01 3.738987620e+00 7.502464157e-01
 3.733705357e+00 7.640161173e-01 3.728225998e+00 7.777085789e-01 3.722554337e+00
 7.913225213e-01 3.716707716e+00 8.048622671e-01 3.710710254e+00 8.183358951e-01
 3.704577869e+00 8.317486537e-01 3.698300528e+00 8.450941720e-01 3.691863566e+00
 8.583634281e-01 3.685264180e+00 8.715526596e-01 3.678513500e+00 8.846651122e-01
 3.671625930e+00 8.977061859e-01 3.664597224e+00 9.106717257e-01 3.657414136e+00
 9.235523679e-01 3.650072683e+00 9.363434121e-01 3.642582866e+00 9.490481640e-01
 3.634958509e+00 9.616726416e-01 3.627195998e+00 9.742126318e-01 3.619281256e+00
 9.866570902e-01 3.611210610e+00 9.990010129e-01 3.602995552e+00 1.011249318e+00
 3.594650688e+00 1.023409561e+00 3.586168201e+00 1.035474190e+00 3.577532055e+00
 1.047429296e+00 3.568740455e+00 1.059270559e+00 3.559808699e+00 1.071006485e+00
 3.550748142e+00 1.082643256e+00 3.541540627e+00 1.094164069e+00 3.532162851e+00
 1.105546702e+00 3.522607957e+00 1.116781073e+00 3.512896457e+00 1.127880387e+00
 3.503065622e+00 1.138874175e+00 3.493137096e+00 1.149779822e+00 3.483105754e+00
 1.160590960e+00 3.472950607e+00 1.171285866e+00 3.462656801e+00 1.181847377e+00
 3.452231296e+00 1.192278923e+00 3.441691854e+00 1.202595353e+00 3.431030179e+00
 1.212785374e+00 3.420215825e+00 1.222813172e+00 3.409227416e+00 1.232649900e+00
 3.398075760e+00 1.242301214e+00 3.386800246e+00 1.251807586e+00 3.375434110e+00
 1.261205446e+00 3.363985477e+00 1.270502611e+00 3.352421251e+00 1.279655530e+00
 3.340706355e+00 1.288614725e+00 3.328827959e+00 1.297355985e+00 3.316806299e+00
 1.305899215e+00 3.304667131e+00 1.314274671e+00 3.292425011e+00 1.322498928e+00
 3.280090045e+00 1.330583284e+00 3.267671114e+00 1.338538059e+00 3.255169740e+00
 1.346362623e+00 3.242566994e+00 1.354022753e+00 3.229838943e+00 1.361472754e+00
 3.216978153e+00 1.368691186e+00 3.203998690e+00 1.375694056e+00 3.190917405e+00
 1.382504863e+00 3.177742920e+00 1.389133604e+00 3.164484398e+00 1.395592653e+00
 3.151151317e+00 1.401896377e+00 3.137744692e+00 1.408042084e+00 3.124242817e+00
 1.413975446e+00 3.110625016e+00 1.419637517e+00 3.096888348e+00 1.425004825e+00
 3.083049357e+00 1.430102620e+00 3.069122189e+00 1.434954397e+00 3.055114088e+00
 1.439567296e+00 3.041028562e+00 1.443938061e+00 3.026869205e+00 1.448063371e+00
 3.012639891e+00 1.451940496e+00 2.998344351e+00 1.455565811e+00 2.983986064e+00
 1.458934016e+00 2.969568554e+00 1.462038916e+00 2.955095614e+00 1.464874196e+00
 2.940571348e+00 1.467433557e+00 2.926000176e+00 1.469710695e+00 2.911386827e+00
 1.471699223e+00 2.896736389e+00 1.473392931e+00 2.882054285e+00 1.474785622e+00
 2.867346294e+00 1.475871241e+00 2.852618558e+00 1.476643998e+00 2.837877566e+00
 1.477098207e+00 2.823130162e+00 1.477228616e+00 2.808383522e+00 1.477030264e+00
 2.793645141e+00 1.476498577e+00 2.778922803e+00 1.475629569e+00 2.764224560e+00
 1.474419659e+00 2.749558675e+00 1.472865973e+00 2.734933591e+00 1.470966260e+00
 2.720357884e+00 1.468718891e+00 2.705840187e+00 1.466123062e+00 2.691389163e+00
 1.463178622e+00 2.677013412e+00 1.459886271e+00 2.662721459e+00 1.456247327e+00
 2.648521789e+00 1.452263457e+00 2.634422826e+00 1.447936668e+00 2.620433009e+00
 1.443269024e+00 2.606561409e+00 1.438260989e+00 2.592820070e+00 1.432905922e+00
 2.579224806e+00 1.427190231e+00 2.565785919e+00 1.421115904e+00 2.552501020e+00
 1.414711667e+00 2.539359095e+00 1.408018829e+00 2.526357959e+00 1.401056443e+00
 2.513504313e+00 1.393825398e+00 2.500806520e+00 1.386324048e+00 2.488270260e+00
 1.378555750e+00 2.475904643e+00 1.370518622e+00 2.463723032e+00 1.362205261e+00
 2.451731508e+00 1.353619956e+00 2.439923142e+00 1.344784361e+00 2.428281643e+00
 1.335729985e+00 2.416799197e+00 1.326474725e+00 2.405480733e+00 1.317019642e+00
 2.394341221e+00 1.307354394e+00 2.383392375e+00 1.297473675e+00 2.372632771e+00
 1.287387186e+00 2.362051316e+00 1.277113929e+00 2.351635924e+00 1.266672330e+00
 2.341387382e+00 1.256066926e+00 2.331311812e+00 1.245297062e+00 2.321408810e+00
 1.234368301e+00 2.311669359e+00 1.223293528e+00 2.302085131e+00 1.212084145e+00
 2.292653140e+00 1.200746366e+00 2.283378224e+00 1.189279746e+00 2.274270644e+00
 1.177679779e+00 2.265334359e+00 1.165947343e+00 2.256565281e+00 1.154089402e+00
 2.247953919e+00 1.142116425e+00 2.239493448e+00 1.130036349e+00 2.231186403e+00
 1.117850263e+00 2.223035982e+00 1.105558871e+00 2.215039715e+00 1.093166635e+00
 2.207190220e+00 1.080680905e+00 2.199482755e+00 1.068107003e+00 2.191919374e+00
 1.055445912e+00 2.184503015e+00 1.042698145e+00 2.177231788e+00 1.029867038e+00
 2.170099671e+00 1.016958084e+00 2.163102482e+00 1.003975497e+00 2.156241827e+00
 9.909202460e-01 2.149520508e+00 9.777927172e-01 2.142937569e+00 9.645952503e-01
 2.136488188e+00 9.513319998e-01 2.130167158e+00 9.380070996e-01 2.123975344e+00
 9.246216681e-01 2.117916815e+00 9.111753868e-01 2.111994400e+00 8.976686019e-01
 2.106208128e+00 8.841029346e-01 2.100554329e+00 8.704815196e-01 2.095025611e+00
 8.568088538e-01 2.089616712e+00 8.430883439e-01 2.084325292e+00 8.293220996e-01
 2.079151247e+00 8.155113122e-01 2.074096908e+00 8.016562700e-01 2.069164477e+00
 7.877573616e-01 2.064353290e+00 7.738160189e-01 2.059660742e+00 7.598342945e-01
 2.055084705e+00 7.458140053e-01 2.050626438e+00 7.317558244e-01 2.046288594e+00
 7.176600214e-01 2.042073203e+00 7.035271162e-01 2.037981001e+00 6.893580506e-01
 2.034010520e+00 6.751543936e-01 2.030158926e+00 6.609180372e-01 2.026424057e+00
 6.466506124e-01 2.022804491e+00 6.323535002e-01 2.019299204e+00 6.180279404e-01
 2.015906278e+00 6.036753526e-01 2.012623678e+00 5.892971296e-01 2.009449918e+00
 5.748944902e-01 2.006384265e+00 5.604684531e-01 2.003428396e+00 5.460195231e-01
 2.000585350e+00 5.315479722e-01 1.997857307e+00 5.170543027e-01 1.995245570e+00
 5.025392246e-01 1.992750012e+00 4.880037207e-01 1.990368628e+00 4.734490745e-01
 1.988099682e+00 4.588764761e-01 1.985941994e+00 4.442869890e-01 1.983894895e+00
 4.296815742e-01 1.981958194e+00 4.150611107e-01 1.980131855e+00 4.004264516e-01
 1.978415875e+00 3.857784424e-01 1.976810266e+00 3.711179245e-01 1.975314188e+00
 3.564458240e-01 1.973926025e+00 3.417631194e-01 1.972644414e+00 3.270707303e-01
 1.971468266e+00 3.123695225e-01 1.970397562e+00 2.976602596e-01 1.969434350e+00
 2.829435680e-01 1.968580841e+00 2.682201077e-01 1.967839143e+00 2.534905925e-01
 1.967210915e+00 2.387558019e-01 1.966695443e+00 2.240166352e-01 1.966291357e+00
 2.092739938e-01 1.965997532e+00 1.945287422e-01 1.965813055e+00 1.797817169e-01
 1.965737375e+00 1.650337318e-01 1.965770223e+00 1.502855890e-01 1.965911464e+00
 1.355380859e-01 1.966161086e+00 1.207920192e-01 1.966519283e+00 1.060481905e-01
 1.966986532e+00 9.130741508e-02 1.967563528e+00 7.657052784e-02 1.968251207e+00
 6.183839108e-02 1.969050134e+00 4.711186815e-02 1.969958562e+00 3.239169313e-02
 1.970974038e+00 1.767851416e-02 1.972093981e+00 2.972916951e-03 1.973315824e+00
-1.172456542e-02 1.974638916e+00-2.641327907e-02 1.976063997e+00-4.109244848e-02
 1.977592088e+00-5.576125177e-02 1.979224473e+00-7.041881485e-02 1.980961818e+00
-8.506430798e-02 1.982803712e+00-9.969702023e-02 1.984749682e+00-1.143162558e-01
 1.986799262e+00-1.289213259e-01 1.988952104e+00-1.435115323e-01 1.991208417e+00
-1.580860957e-01 1.993568894e+00-1.726441514e-01 1.996034713e+00-1.871847341e-01
 1.998607411e+00-2.017067870e-01 2.001286824e+00-2.162095302e-01 2.004071093e+00
-2.306925093e-01 2.006957455e+00-2.451554896e-01 2.009942222e+00-2.595984843e-01
 2.013022696e+00-2.740213697e-01 2.016198962e+00-2.884234621e-01 2.019471941e+00
-3.028038836e-01 2.022843079e+00-3.171616107e-01 2.026313813e+00-3.314955872e-01
 2.029884516e+00-3.458049884e-01 2.033555708e+00-3.600889379e-01 2.037328556e+00
-3.743463732e-01 2.041204918e+00-3.885760125e-01 2.045185612e+00-4.027768185e-01
 2.049269162e+00-4.169483913e-01 2.053452697e+00-4.310907718e-01 2.057732510e+00
-4.452043162e-01 2.062105772e+00-4.592891851e-01 2.066573035e+00-4.733445221e-01
 2.071135842e+00-4.873691327e-01 2.075794259e+00-5.013622765e-01 2.080545580e+00
-5.153241505e-01 2.085386410e+00-5.292552441e-01 2.090315392e+00-5.431553930e-01
 2.095333173e+00-5.570237333e-01 2.100442813e+00-5.708584904e-01 2.105649196e+00
-5.846571296e-01 2.110954915e+00-5.984178780e-01 2.116359416e+00-6.121401317e-01
 2.121859158e+00-6.258244941e-01 2.127448332e+00-6.394725764e-01 2.133122884e+00
-6.530853823e-01 2.138883472e+00-6.666620033e-01 2.144732662e+00-6.802006864e-01
 2.150671705e+00-6.937001954e-01 2.156697212e+00-7.071613357e-01 2.162804154e+00
-7.205857296e-01 2.168989759e+00-7.339740599e-01 2.175254576e+00-7.473255069e-01
 2.181603904e+00-7.606369677e-01 2.188047019e+00-7.739032835e-01 2.194587917e+00
-7.871216606e-01 2.201224522e+00-8.002922485e-01 2.207950104e+00-8.134176272e-01
 2.214756180e+00-8.265014501e-01 2.221640254e+00-8.395444015e-01 2.228608715e+00
-8.525424602e-01 2.235665814e+00-8.654926071e-01 2.242809357e+00-8.783952740e-01
 2.250031792e+00-8.912539504e-01 2.257328900e+00-9.040703968e-01 2.264707041e+00
-9.168403629e-01 2.272172116e+00-9.295597027e-01 2.279722909e+00-9.422283473e-01
 2.287351532e+00-9.548502820e-01 2.295052824e+00-9.674280087e-01 2.302834224e+00
-9.799563287e-01 2.310704540e+00-9.924289794e-01 2.318664708e+00-1.004844481e+00
 2.326704146e+00-1.017208808e+00 2.334806486e+00-1.029532013e+00 2.342963715e+00
-1.041818953e+00 2.351177346e+00-1.054068260e+00 2.359455799e+00-1.066273848e+00
 2.367809323e+00-1.078428176e+00 2.376239488e+00-1.090529474e+00 2.384737495e+00
-1.102583232e+00 2.393296734e+00-1.114593590e+00 2.401918374e+00-1.126559228e+00
 2.410610437e+00-1.138473805e+00 2.419375427e+00-1.150334837e+00 2.428204980e+00
-1.162147891e+00 2.437089368e+00-1.173919763e+00 2.446022948e+00-1.185654348e+00
 2.455006577e+00-1.197350660e+00 2.464047539e+00-1.209002708e+00 2.473150640e+00
-1.220606276e+00 2.482313806e+00-1.232162471e+00 2.491530352e+00-1.243676142e+00
 2.500792534e+00-1.255153135e+00 2.510097691e+00-1.266595312e+00 2.519449704e+00
-1.277999223e+00 2.528851760e+00-1.289361910e+00 2.538303776e+00-1.300683072e+00
 2.547800365e+00-1.311966875e+00 2.557330442e+00-1.323222411e+00 2.566883911e+00
-1.334458101e+00 2.576461905e+00-1.345672889e+00 2.586069959e+00-1.356861935e+00
 2.595712993e+00-1.368020846e+00 2.605389699e+00-1.379150572e+00 2.615093931e+00
-1.390256308e+00 2.624816665e+00-1.401345850e+00 2.634551865e+00-1.412424451e+00
 3.283150000e+00-1.124390000e+00 3.311920000e+00-1.083160000e+00 3.328360000e+00
-1.063140000e+00 3.352440000e+00-1.038670000e+00 3.373230000e+00-1.017200000e+00
 3.423290000e+00-9.599200000e-01 3.447280000e+00-9.322900000e-01 3.494330000e+00
-8.718600000e-01 3.516800000e+00-8.428400000e-01 3.559110000e+00-7.815500000e-01
 3.580530000e+00-7.501500000e-01 3.619270000e+00-6.867900000e-01 3.639030000e+00
-6.539000000e-01 3.673640000e+00-5.876900000e-01 3.687960000e+00-5.608800000e-01
 3.722300000e+00-4.849600000e-01 3.734970000e+00-4.576000000e-01 3.768210000e+00
-3.713700000e-01 3.775840000e+00-3.523900000e-01 3.802580000e+00-2.692000000e-01
 3.810820000e+00-2.445800000e-01 3.833310000e+00-1.579700000e-01 3.839640000e+00
-1.348100000e-01 3.856520000e+00-5.075000000e-02 3.862070000e+00-2.427000000e-02
 3.875190000e+00 6.852000000e-02 3.878350000e+00 8.885000000e-02 3.885670000e+00
 1.762500000e-01 3.887930000e+00 1.963000000e-01 3.890460000e+00 2.904500000e-01
 3.891440000e+00 3.133900000e-01 3.888630000e+00 4.075600000e-01 3.888400000e+00
 4.267400000e-01 3.880310000e+00 5.199300000e-01 3.878940000e+00 5.395800000e-01
 3.865560000e+00 6.322800000e-01 3.863490000e+00 6.497100000e-01 3.844490000e+00
 7.434700000e-01 3.840910000e+00 7.627300000e-01 3.817150000e+00 8.532500000e-01
 3.813030000e+00 8.705300000e-01 3.783650000e+00 9.612500000e-01 3.779040000e+00
 9.769900000e-01 3.744080000e+00 1.067190000e+00 3.738210000e+00 1.083410000e+00
 3.698680000e+00 1.170460000e+00 3.691760000e+00 1.186590000e+00 3.674890000e+00
 1.218800000e+00 3.667410000e+00 1.236380000e+00 3.637300000e+00 1.333880000e+00
 3.642110000e+00 1.407680000e+00 3.621360000e+00 1.426560000e+00 3.620760000e+00
 1.427100000e+00 3.594070000e+00 1.451380000e+00 3.593480000e+00 1.451920000e+00
 3.566790000e+00 1.476200000e+00 3.566200000e+00 1.476740000e+00 3.539510000e+00
 1.501020000e+00 3.538920000e+00 1.501560000e+00 3.512230000e+00 1.525840000e+00
 3.511640000e+00 1.526380000e+00 3.484950000e+00 1.550660000e+00 3.484360000e+00
 1.551190000e+00 3.457670000e+00 1.575470000e+00 3.457080000e+00 1.576010000e+00
 3.430390000e+00 1.600290000e+00 3.429800000e+00 1.600830000e+00 3.403110000e+00
 1.625110000e+00 3.402520000e+00 1.625650000e+00 3.381760000e+00 1.644530000e+00
 3.331540000e+00 1.704120000e+00 3.281820000e+00 1.738720000e+00 3.186340000e+00
 1.817530000e+00 3.136650000e+00 1.852120000e+00 3.000980000e+00 1.883410000e+00
 2.868850000e+00 1.939550000e+00 2.852470000e+00 1.945270000e+00 2.775620000e+00
 1.967970000e+00 2.757630000e+00 1.971960000e+00 2.678960000e+00 1.982850000e+00
 2.658860000e+00 1.984030000e+00 2.577870000e+00 1.982900000e+00 2.560570000e+00
 1.981120000e+00 2.480110000e+00 1.967740000e+00 2.465960000e+00 1.964180000e+00
 2.388440000e+00 1.938920000e+00 2.374220000e+00 1.933060000e+00 2.298050000e+00
 1.894750000e+00 2.287550000e+00 1.888380000e+00 2.195390000e+00 1.822840000e+00
 2.182410000e+00 1.823720000e+00 2.165700000e+00 1.790820000e+00 2.165330000e+00
 1.790100000e+00 2.148990000e+00 1.757940000e+00 2.148630000e+00 1.757220000e+00
 2.132290000e+00 1.725060000e+00 2.131930000e+00 1.724340000e+00 2.115580000e+00
 1.692170000e+00 2.115220000e+00 1.691460000e+00 2.098880000e+00 1.659290000e+00
 2.098520000e+00 1.658580000e+00 2.082180000e+00 1.626410000e+00 2.081810000e+00
 1.625700000e+00 2.068160000e+00 1.598820000e+00 2.067560000e+00 1.598190000e+00
 2.054670000e+00 1.564500000e+00 2.054380000e+00 1.563750000e+00 2.041480000e+00
 1.530050000e+00 2.041200000e+00 1.529310000e+00 2.028300000e+00 1.495610000e+00
 2.028010000e+00 1.494860000e+00 2.015120000e+00 1.461170000e+00 2.014830000e+00
 1.460420000e+00 2.001930000e+00 1.426720000e+00 2.001640000e+00 1.425970000e+00
 1.988750000e+00 1.392280000e+00 1.988460000e+00 1.391530000e+00 1.975560000e+00
 1.357830000e+00 1.975280000e+00 1.357090000e+00 1.961300000e+00 1.320580000e+00
 1.929920000e+00 1.273020000e+00 1.926970000e+00 1.260950000e+00 1.922590000e+00
 1.254010000e+00 1.942460000e+00 1.234570000e+00 1.927270000e+00 1.158320000e+00
 1.924960000e+00 1.138010000e+00 1.912410000e+00 1.060670000e+00 1.909690000e+00
 1.039990000e+00 1.898450000e+00 9.620700000e-01 1.895680000e+00 9.400900000e-01
 1.885770000e+00 8.623800000e-01 1.883000000e+00 8.406700000e-01 1.873090000e+00
 7.629600000e-01 1.870380000e+00 7.416800000e-01 1.860480000e+00 6.640800000e-01
 1.858360000e+00 6.428700000e-01 1.849870000e+00 5.654900000e-01 1.848160000e+00
 5.452300000e-01 1.841840000e+00 4.671000000e-01 1.840950000e+00 4.461600000e-01
 1.837240000e+00 3.683300000e-01 1.837040000e+00 3.473700000e-01 1.835920000e+00
 2.700200000e-01 1.836420000e+00 2.485000000e-01 1.837870000e+00 1.709900000e-01
 1.839070000e+00 1.496700000e-01 1.843130000e+00 7.136000000e-02 1.845020000e+00
 5.067000000e-02 1.851680000e+00-2.749000000e-02 1.854240000e+00-4.782000000e-02
 1.863380000e+00-1.248400000e-01 1.866650000e+00-1.455400000e-01 1.878480000e+00
-2.231300000e-01 1.882350000e+00-2.431500000e-01 1.896730000e+00-3.202500000e-01
 1.901280000e+00-3.401900000e-01 1.918220000e+00-4.168100000e-01 1.923410000e+00
-4.365500000e-01 1.942750000e+00-5.120400000e-01 1.948650000e+00-5.318500000e-01
 1.970560000e+00-6.069300000e-01 1.959730000e+00-6.265200000e-01 1.961750000e+00
-6.575600000e-01 2.009110000e+00-7.839900000e-01 2.020420000e+00-8.113000000e-01
 2.020730000e+00-8.120400000e-01 2.034540000e+00-8.453700000e-01 2.034840000e+00
-8.461200000e-01 2.048650000e+00-8.794500000e-01 2.048960000e+00-8.801900000e-01
 2.062760000e+00-9.135200000e-01 2.063070000e+00-9.142600000e-01 2.076880000e+00
-9.476000000e-01 2.077180000e+00-9.483400000e-01 2.090990000e+00-9.816700000e-01
 2.091300000e+00-9.824100000e-01 2.105110000e+00-1.015740000e+00 2.105490000e+00
-1.016670000e+00 2.119300000e+00-1.050000000e+00 2.119600000e+00-1.050740000e+00
 2.133410000e+00-1.084070000e+00 2.133720000e+00-1.084820000e+00 2.147520000e+00
-1.118150000e+00 2.147830000e+00-1.118890000e+00 2.161640000e+00-1.152220000e+00
 2.161940000e+00-1.152960000e+00 2.175750000e+00-1.186300000e+00 2.176060000e+00
-1.187040000e+00 2.189860000e+00-1.220370000e+00 2.190170000e+00-1.221110000e+00
 2.201490000e+00-1.248420000e+00 2.144630000e+00-1.274940000e+00 2.293620000e+00
-1.314830000e+00 2.293620000e+00-1.331440000e+00 2.295440000e+00-1.334430000e+00
 2.359930000e+00-1.334430000e+00 2.396190000e+00-1.373230000e+00 2.409150000e+00
-1.400300000e+00 2.412250000e+00-1.421980000e+00 2.412930000e+00-1.431480000e+00
 2.412930000e+00-1.468540000e+00 2.412240000e+00-1.476780000e+00 2.407620000e+00
-1.504410000e+00 2.398010000e+00-1.516410000e+00 2.419210000e+00-1.592230000e+00
 2.421170000e+00-1.610220000e+00 2.418800000e+00-1.642830000e+00 2.416280000e+00
-1.656100000e+00 2.405730000e+00-1.689710000e+00 2.314980000e+00-1.738700000e+00
 2.353490000e+00-1.738700000e+00 2.374280000e+00-1.735040000e+00 2.427440000e+00
-1.713490000e+00 2.446230000e+00-1.709830000e+00 2.523690000e+00-1.709830000e+00
 2.524590000e+00-1.699970000e+00 2.559110000e+00-1.654980000e+00 2.552960000e+00
-1.637990000e+00 2.573910000e+00-1.601800000e+00 2.632990000e+00-1.617140000e+00
 2.633690000e+00-1.619890000e+00 2.693800000e+00-1.635500000e+00 2.694340000e+00
-1.638210000e+00 2.754430000e+00-1.654810000e+00 2.755170000e+00-1.656580000e+00
 2.814710000e+00-1.672030000e+00 2.814670000e+00-1.707880000e+00 2.804250000e+00
-1.711580000e+00 2.857030000e+00-1.711580000e+00 2.878460000e+00-1.716020000e+00
 2.936440000e+00-1.741390000e+00 2.957320000e+00-1.745950000e+00 2.986980000e+00
-1.745950000e+00 2.897680000e+00-1.682330000e+00 2.881990000e+00-1.622820000e+00
 2.881630000e+00-1.591600000e+00 2.900450000e+00-1.510410000e+00 2.890490000e+00
-1.498410000e+00 2.887860000e+00-1.489250000e+00 2.885910000e+00-1.473970000e+00
 2.885910000e+00-1.435660000e+00 2.889460000e+00-1.417140000e+00 2.900820000e+00
-1.392780000e+00 2.913350000e+00-1.376240000e+00 2.963480000e+00-1.334810000e+00
 3.009750000e+00-1.334810000e+00 3.060050000e+00-1.297770000e+00 3.194040000e+00
-1.214040000e+00 3.202250000e+00-1.208910000e+00 3.306340000e+00-1.208910000e+00
 3.283150000e+00-1.124390000e+00
