  EFITD    25/10/2018    # 29034   300ms           3  65  65
 1.940000057e+00 4.000000000e+00 8.132211566e-01 5.999999866e-02 0.000000000e+00
 9.165243506e-01 3.522201627e-02-6.004835665e-02 4.041343555e-02-5.008972287e-01
 8.154005625e+05-6.004835665e-02 0.000000000e+00 9.165243506e-01 0.000000000e+00
 3.522201627e-02 0.000000000e+00 4.041343555e-02 0.000000000e+00 0.000000000e+00
-5.247616768e-01-5.201755166e-01-5.156857967e-01-5.112929940e-01-5.069975853e-01
-5.027999282e-01-4.987004101e-01-4.946992993e-01-4.907968342e-01-4.869932532e-01
-4.832886755e-01-4.796831906e-01-4.761768579e-01-4.727696180e-01-4.694613814e-01
-4.662519991e-01-4.631412327e-01-4.601287842e-01-4.572143257e-01-4.543973505e-01
-4.516773820e-01-4.490537941e-01-4.465259612e-01-4.440931380e-01-4.417544603e-01
-4.395090342e-01-4.373559058e-01-4.352940321e-01-4.333221912e-01-4.314392507e-01
-4.296438992e-01-4.279347360e-01-4.263103604e-01-4.247692227e-01-4.233097732e-01
-4.219303131e-01-4.206291139e-01-4.194044173e-01-4.182543457e-01-4.171769917e-01
-4.161703885e-01-4.152324796e-01-4.143612087e-01-4.135544002e-01-4.128099084e-01
-4.121254981e-01-4.114988744e-01-4.109277725e-01-4.104098082e-01-4.099426270e-01
-4.095237851e-01-4.091508985e-01-4.088214934e-01-4.085330665e-01-4.082831442e-01
-4.080691934e-01-4.078886509e-01-4.077390134e-01-4.076176882e-01-4.075221121e-01
-4.074497223e-01-4.073979259e-01-4.073641300e-01-4.073457420e-01-4.073401988e-01
 2.127770898e+04 2.126491211e+04 2.122175586e+04 2.114921680e+04 2.104827539e+04
 2.091990625e+04 2.076508984e+04 2.058480469e+04 2.038002734e+04 2.015173438e+04
 1.990090625e+04 1.962852148e+04 1.933555469e+04 1.902298633e+04 1.869179492e+04
 1.834295703e+04 1.797745117e+04 1.759625391e+04 1.720034570e+04 1.679070312e+04
 1.636830469e+04 1.593412793e+04 1.548915137e+04 1.503435254e+04 1.457070898e+04
 1.409919922e+04 1.362080176e+04 1.313649316e+04 1.264725293e+04 1.215405859e+04
 1.165788770e+04 1.115971875e+04 1.066052930e+04 1.016129785e+04 9.663000977e+03
 9.166619141e+03 8.673127930e+03 8.183506348e+03 7.698732910e+03 7.219784668e+03
 6.747640137e+03 6.283277344e+03 5.827673828e+03 5.381807617e+03 4.946657227e+03
 4.523200195e+03 4.112414551e+03 3.715278564e+03 3.332770020e+03 2.965866943e+03
 2.615547119e+03 2.282788818e+03 1.968569702e+03 1.673868042e+03 1.399661743e+03
 1.146928833e+03 9.166472168e+02 7.097949219e+02 5.273499146e+02 3.702901306e+02
 2.395936432e+02 1.362384033e+02 6.120239258e+01 1.546359539e+01 0.000000000e+00
-1.549241543e+00-1.503818989e+00-1.459069848e+00-1.414994359e+00-1.371592283e+00
-1.328863859e+00-1.286808848e+00-1.245427370e+00-1.204719424e+00-1.164684892e+00
-1.125324011e+00-1.086636543e+00-1.048622608e+00-1.011282206e+00-9.746153355e-01
-9.386219382e-01-9.033020735e-01-8.686557412e-01-8.346828818e-01-8.013835549e-01
-7.687577605e-01-7.368054986e-01-7.055267096e-01-6.749213934e-01-6.449896693e-01
-6.157314181e-01-5.871466994e-01-5.592354536e-01-5.319977403e-01-5.054335594e-01
-4.795428813e-01-4.543257058e-01-4.297820628e-01-4.059119225e-01-3.827152848e-01
-3.601921499e-01-3.383425474e-01-3.171664774e-01-2.966639102e-01-2.768348455e-01
-2.576792836e-01-2.391972393e-01-2.213887274e-01-2.042537034e-01-1.877922118e-01
-1.720042229e-01-1.568897516e-01-1.424487978e-01-1.286813468e-01-1.155874208e-01
-1.031669974e-01-9.142009169e-02-8.034669608e-02-6.994681805e-02-6.022045016e-02
-5.116759613e-02-4.278825596e-02-3.508242965e-02-2.805011347e-02-2.169131301e-02
-1.600602455e-02-1.099424809e-02-6.655985489e-03-2.991236281e-03-0.000000000e+00
 1.726022705e+03-1.792649609e+04-3.695598047e+04-5.536242969e+04-7.314585156e+04
-9.030623438e+04-1.068435859e+05-1.227579062e+05-1.380491875e+05-1.527174375e+05
-1.667626562e+05-1.801848438e+05-1.929840000e+05-2.051601094e+05-2.167132031e+05
-2.276432500e+05-2.379502656e+05-2.476342500e+05-2.566952031e+05-2.651331250e+05
-2.729480000e+05-2.801398750e+05-2.867086875e+05-2.926544688e+05-2.979772188e+05
-3.026769375e+05-3.067536250e+05-3.102072812e+05-3.130379062e+05-3.152454688e+05
-3.168300312e+05-3.177915625e+05-3.181300312e+05-3.178455000e+05-3.169379062e+05
-3.154072812e+05-3.132536562e+05-3.104769688e+05-3.070772500e+05-3.030545000e+05
-2.984087188e+05-2.931399062e+05-2.872480625e+05-2.807331875e+05-2.735952812e+05
-2.658343125e+05-2.574503438e+05-2.484433281e+05-2.388132812e+05-2.285602031e+05
-2.176840781e+05-2.061849375e+05-1.940627500e+05-1.813175469e+05-1.679492969e+05
-1.539580156e+05-1.393437031e+05-1.241063594e+05-1.082459766e+05-9.176256250e+04
-7.465611719e+04-5.692664062e+04-3.857412500e+04-1.959858008e+04-0.000000000e+00
 2.100637648e-04 4.721975420e-04 8.334988379e-04 1.287954045e-03 1.828522072e-03
 2.447959734e-03 3.140540328e-03 3.898221534e-03 4.712668713e-03 5.577972159e-03
 6.489689462e-03 7.445080671e-03 8.443176746e-03 9.484973736e-03 1.057060342e-02
 1.169943903e-02 1.287118439e-02 1.408240106e-02 1.532884408e-02 1.660592668e-02
 1.790871657e-02 1.923093386e-02 2.056167088e-02 2.192278579e-02 2.331967652e-02
 2.483728528e-02 2.640490793e-02 2.800996415e-02 2.961556986e-02 3.122715652e-02
 3.284640238e-02 3.447259218e-02 3.610408306e-02 3.773865849e-02 3.937366605e-02
 4.100605845e-02 4.263246059e-02 4.424921051e-02 4.585240036e-02 4.743793234e-02
 4.900154844e-02 5.053887889e-02 5.204549432e-02 5.351693928e-02 5.494875088e-02
 5.633648485e-02 5.767568201e-02 5.896179751e-02 6.018996611e-02 6.135421246e-02
 6.244394928e-02 6.345541775e-02 6.443899125e-02 6.542146951e-02 6.646785885e-02
 6.748976558e-02 6.845127791e-02 6.933192164e-02 7.014455646e-02 7.089470327e-02
 7.158605754e-02 7.222171128e-02 7.280445844e-02 7.333696634e-02 7.382178307e-02
 2.504015283e-04 5.612425739e-04 9.868434863e-04 1.517744968e-03 2.143578837e-03
 2.854848281e-03 3.640196985e-03 4.486970603e-03 5.384481046e-03 6.324205548e-03
 7.300214842e-03 8.309781551e-03 9.354431182e-03 1.044141687e-02 1.158064418e-02
 1.277554408e-02 1.402271260e-02 1.531669404e-02 1.664858498e-02 1.800983213e-02
 1.939466037e-02 2.079874650e-02 2.222101577e-02 2.366458438e-02 2.512924559e-02
 2.674372122e-02 2.840247564e-02 3.008398600e-02 3.178117052e-02 3.348949179e-02
 3.520763665e-02 3.693458438e-02 3.866875544e-02 4.040788859e-02 4.214911535e-02
 4.388902336e-02 4.562373459e-02 4.734896496e-02 4.906008765e-02 5.075218529e-02
 5.242013186e-02 5.405863747e-02 5.566232279e-02 5.722576752e-02 5.874356255e-02
 6.021031737e-02 6.162066758e-02 6.296923012e-02 6.425056607e-02 6.545947492e-02
 6.659272313e-02 6.765318662e-02 6.864577532e-02 6.962908804e-02 7.069915533e-02
 7.170374691e-02 7.264009118e-02 7.350257039e-02 7.429184765e-02 7.501173019e-02
 7.566637546e-02 7.625968009e-02 7.679526508e-02 7.727653533e-02 7.770670205e-02
 3.091908293e-04 6.902230671e-04 1.206763904e-03 1.842278522e-03 2.578746527e-03
 3.408765653e-03 4.319041502e-03 5.278272089e-03 6.273115519e-03 7.292220369e-03
 8.326477371e-03 9.369651787e-03 1.041986048e-02 1.149833668e-02 1.266731694e-02
 1.395246666e-02 1.530224085e-02 1.669770479e-02 1.813384891e-02 1.959368587e-02
 2.107259072e-02 2.256567776e-02 2.406611852e-02 2.559950203e-02 2.718786895e-02
 2.885162644e-02 3.058113903e-02 3.235810995e-02 3.414501995e-02 3.594477847e-02
 3.775930032e-02 3.958793357e-02 4.142878577e-02 4.327908158e-02 4.513534531e-02
 4.699346423e-02 4.884874821e-02 5.069600791e-02 5.252960697e-02 5.434354022e-02
 5.613153055e-02 5.788709968e-02 5.960367993e-02 6.127470732e-02 6.289371103e-02
 6.445440650e-02 6.595072895e-02 6.737682968e-02 6.872691959e-02 6.999463588e-02
 7.117062062e-02 7.225598395e-02 7.329802215e-02 7.431709766e-02 7.532919198e-02
 7.631265372e-02 7.722543180e-02 7.804670185e-02 7.878717035e-02 7.945314050e-02
 8.004946262e-02 8.058046550e-02 8.105023205e-02 8.146267384e-02 8.182155341e-02
 3.995356383e-04 8.873248589e-04 1.540685422e-03 2.332564443e-03 3.235810669e-03
 4.233446904e-03 5.291712936e-03 6.384865846e-03 7.492436562e-03 8.598343469e-03
 9.689283557e-03 1.075335871e-02 1.177818142e-02 1.276136190e-02 1.389779802e-02
 1.529063564e-02 1.675613411e-02 1.827553660e-02 1.982937381e-02 2.139515243e-02
 2.297324315e-02 2.456758730e-02 2.618431114e-02 2.783206850e-02 2.951935865e-02
 3.125125915e-02 3.302831948e-02 3.484632820e-02 3.669898212e-02 3.858171031e-02
 4.049123079e-02 4.242459685e-02 4.437856749e-02 4.634935781e-02 4.833251983e-02
 5.032292381e-02 5.231478810e-02 5.430169031e-02 5.627664924e-02 5.823220685e-02
 6.016053259e-02 6.205355003e-02 6.390309334e-02 6.570106745e-02 6.743961573e-02
 6.911132485e-02 7.070939243e-02 7.222786546e-02 7.366191596e-02 7.500841469e-02
 7.626694441e-02 7.744134218e-02 7.853949070e-02 7.956823707e-02 8.053037524e-02
 8.142390102e-02 8.224315196e-02 8.298412710e-02 8.364677429e-02 8.423356712e-02
 8.474815637e-02 8.519471437e-02 8.557761461e-02 8.590120822e-02 8.616977930e-02
 5.455443170e-04 1.202820567e-03 2.067998052e-03 3.094024258e-03 4.234119318e-03
 5.453003105e-03 6.704693660e-03 7.959734648e-03 9.195726365e-03 1.039611828e-02
 1.154820621e-02 1.264082547e-02 1.366217900e-02 1.461191475e-02 1.567973569e-02
 1.696138084e-02 1.846709102e-02 2.015400119e-02 2.181861363e-02 2.346593328e-02
 2.511385642e-02 2.677527815e-02 2.846039087e-02 3.017747961e-02 3.193308786e-02
 3.373135999e-02 3.557418659e-02 3.746176884e-02 3.939298168e-02 4.136561230e-02
 4.337688908e-02 4.542352632e-02 4.750162736e-02 4.960658029e-02 5.173297226e-02
 5.387454480e-02 5.602419004e-02 5.817395821e-02 6.031513587e-02 6.243832782e-02
 6.453360617e-02 6.659066677e-02 6.859908253e-02 7.054849714e-02 7.242896408e-02
 7.423117757e-02 7.594683766e-02 7.756893337e-02 7.909208536e-02 8.051281422e-02
 8.182983100e-02 8.304388076e-02 8.415712416e-02 8.517258614e-02 8.609318733e-02
 8.692126721e-02 8.765910566e-02 8.830921352e-02 8.887474984e-02 8.935975283e-02
 8.976890892e-02 9.010727704e-02 9.038005769e-02 9.059241414e-02 9.074936807e-02
 7.964061806e-04 1.737260260e-03 2.943915548e-03 4.326381721e-03 5.801119376e-03
 7.304744795e-03 8.786544204e-03 1.021583192e-02 1.157456823e-02 1.285561081e-02
 1.405547559e-02 1.517241169e-02 1.620133221e-02 1.714107953e-02 1.817974448e-02
 1.941734552e-02 2.088822983e-02 2.255916409e-02 2.421342582e-02 2.585694008e-02
 2.751001529e-02 2.918739617e-02 3.089802340e-02 3.265140578e-02 3.445222974e-02
 3.630406037e-02 3.820975497e-02 4.017077759e-02 4.218724743e-02 4.425812885e-02
 4.638133198e-02 4.855376855e-02 5.077133328e-02 5.302888528e-02 5.532015860e-02
 5.763775483e-02 5.997306854e-02 6.231634319e-02 6.465666741e-02 6.698212773e-02
 6.927993894e-02 7.153667510e-02 7.373860478e-02 7.587200403e-02 7.792361081e-02
 7.988104224e-02 8.173325658e-02 8.347096294e-02 8.508696407e-02 8.657639474e-02
 8.793679625e-02 8.916801959e-02 9.027197957e-02 9.125217050e-02 9.211322665e-02
 9.286064655e-02 9.350042790e-02 9.403900057e-02 9.448314458e-02 9.483982623e-02
 9.511605650e-02 9.531880170e-02 9.545478225e-02 9.553042054e-02 9.555173665e-02
 1.261693658e-03 2.715315903e-03 4.507146310e-03 6.447113119e-03 8.371146396e-03
 1.018712576e-02 1.188519411e-02 1.344676502e-02 1.485816855e-02 1.613887772e-02
 1.731518283e-02 1.841115579e-02 1.944482885e-02 2.044712380e-02 2.150929719e-02
 2.269142866e-02 2.401869930e-02 2.547601983e-02 2.698509581e-02 2.853427269e-02
 3.012829833e-02 3.177222237e-02 3.347057477e-02 3.522868082e-02 3.705103695e-02
 3.894117847e-02 4.090163112e-02 4.293390736e-02 4.503846169e-02 4.721466079e-02
 4.946075752e-02 5.177383497e-02 5.414972827e-02 5.658292770e-02 5.906647444e-02
 6.159185991e-02 6.414892524e-02 6.672582030e-02 6.930898130e-02 7.188324630e-02
 7.443197072e-02 7.693735510e-02 7.938082516e-02 8.174358308e-02 8.400723338e-02
 8.615449071e-02 8.816991746e-02 9.004057944e-02 9.175661951e-02 9.331155568e-02
 9.470245987e-02 9.592980146e-02 9.699713439e-02 9.791059047e-02 9.867827594e-02
 9.930968285e-02 9.981516749e-02 1.002054662e-01 1.004913226e-01 1.006832123e-01
 1.007911339e-01 1.008244604e-01 1.007918715e-01 1.007012725e-01 1.005598232e-01
 2.180260373e-03 4.653207492e-03 7.575212978e-03 1.045753621e-02 1.293814462e-02
 1.494993921e-02 1.662024111e-02 1.803614199e-02 1.924846135e-02 2.032418922e-02
 2.131438814e-02 2.225728892e-02 2.318566293e-02 2.413188294e-02 2.512668446e-02
 2.619551308e-02 2.735358104e-02 2.860391699e-02 2.994227596e-02 3.136195242e-02
 3.285970539e-02 3.443630412e-02 3.609390184e-02 3.783529252e-02 3.966337442e-02
 4.158078879e-02 4.358967394e-02 4.569151625e-02 4.788700491e-02 5.017589405e-02
 5.255686492e-02 5.502739549e-02 5.758355185e-02 6.021982804e-02 6.292891502e-02
 6.570149213e-02 6.852597743e-02 7.138836384e-02 7.427208871e-02 7.715795189e-02
 8.002424240e-02 8.284701407e-02 8.560063690e-02 8.825850487e-02 9.079415351e-02
 9.318237752e-02 9.540061653e-02 9.743013978e-02 9.925709665e-02 1.008731723e-01
 1.022758335e-01 1.034680009e-01 1.044573337e-01 1.052553505e-01 1.058763266e-01
 1.063361913e-01 1.066515520e-01 1.068389341e-01 1.069141924e-01 1.068921015e-01
 1.067861319e-01 1.066083685e-01 1.063694879e-01 1.060788482e-01 1.057445407e-01
 3.930947278e-03 8.670665324e-03 1.441448741e-02 1.907683350e-02 2.142027766e-02
 2.257524990e-02 2.336877957e-02 2.402885444e-02 2.463630959e-02 2.522985451e-02
 2.583402209e-02 2.646738291e-02 2.714600600e-02 2.788476646e-02 2.869719639e-02
 2.959474921e-02 3.058586083e-02 3.167568892e-02 3.286676854e-02 3.416001424e-02
 3.555609286e-02 3.705624118e-02 3.866230696e-02 4.037659243e-02 4.220160842e-02
 4.413986579e-02 4.619367048e-02 4.836494103e-02 5.065501109e-02 5.306446552e-02
 5.559293553e-02 5.823887512e-02 6.099928543e-02 6.386943907e-02 6.684248149e-02
 6.990908831e-02 7.305697352e-02 7.627045363e-02 7.953003794e-02 8.281202614e-02
 8.608837426e-02 8.932676911e-02 9.249115735e-02 9.554281086e-02 9.844192863e-02
 1.011498943e-01 1.036317647e-01 1.058589220e-01 1.078111231e-01 1.094778851e-01
 1.108586639e-01 1.119621992e-01 1.128050908e-01 1.134093329e-01 1.138002202e-01
 1.140043065e-01 1.140477881e-01 1.139553115e-01 1.137492880e-01 1.134495214e-01
 1.130731553e-01 1.126347855e-01 1.121466607e-01 1.116189882e-01 1.110601649e-01
 6.149856374e-03 1.425971463e-02 2.614799328e-02 3.385476395e-02 3.283751383e-02
 3.156064823e-02 3.085195832e-02 3.046986088e-02 3.030538931e-02 3.030492552e-02
 3.043974750e-02 3.069442138e-02 3.106148168e-02 3.153840825e-02 3.212565184e-02
 3.282519057e-02 3.363955021e-02 3.457121924e-02 3.562241793e-02 3.679523990e-02
 3.809180111e-02 3.951441869e-02 4.106571898e-02 4.274862632e-02 4.456626624e-02
 4.652188346e-02 4.861867800e-02 5.085967109e-02 5.324753374e-02 5.578441918e-02
 5.847173184e-02 6.130988151e-02 6.429795921e-02 6.743332744e-02 7.071115077e-02
 7.412374765e-02 7.765990496e-02 8.130393177e-02 8.503476530e-02 8.882490546e-02
 9.263947606e-02 9.643557668e-02 1.001622900e-01 1.037616506e-01 1.071711406e-01
 1.103276089e-01 1.131727025e-01 1.156584248e-01 1.177527234e-01 1.194424480e-01
 1.207341179e-01 1.216510460e-01 1.222283170e-01 1.225087717e-01 1.225377694e-01
 1.223594025e-01 1.220140755e-01 1.215371564e-01 1.209586039e-01 1.203030869e-01
 1.195905507e-01 1.188368127e-01 1.180543005e-01 1.172526404e-01 1.164392456e-01
 7.609740365e-03 1.748048887e-02 3.140930086e-02 4.054096714e-02 3.982907161e-02
 3.823236376e-02 3.694759309e-02 3.597468510e-02 3.530119359e-02 3.486448899e-02
 3.462530300e-02 3.455786407e-02 3.464556858e-02 3.487816826e-02 3.524985164e-02
 3.575782850e-02 3.640135378e-02 3.718104959e-02 3.809845820e-02 3.915579617e-02
 4.035581648e-02 4.170176014e-02 4.319727793e-02 4.484640807e-02 4.665350169e-02
 4.862315208e-02 5.076009035e-02 5.306911841e-02 5.555496365e-02 5.822217092e-02
 6.107491627e-02 6.411679089e-02 6.735048443e-02 7.077740133e-02 7.439703494e-02
 7.820623368e-02 8.219819516e-02 8.636111766e-02 9.067645669e-02 9.511675686e-02
 9.964308143e-02 1.042022333e-01 1.087243631e-01 1.131220534e-01 1.172923967e-01
 1.211237460e-01 1.245075539e-01 1.273546666e-01 1.296082735e-01 1.312535554e-01
 1.323158145e-01 1.328535974e-01 1.329474747e-01 1.326826811e-01 1.321404725e-01
 1.313921958e-01 1.304968745e-01 1.295012087e-01 1.284409016e-01 1.273425519e-01
 1.262254864e-01 1.251034588e-01 1.239860207e-01 1.228796691e-01 1.217886657e-01
 8.344508708e-03 1.901977882e-02 3.383778781e-02 4.374341294e-02 4.354711249e-02
 4.217021167e-02 4.095842317e-02 3.993774205e-02 3.911936283e-02 3.849565983e-02
 3.805457801e-02 3.778435290e-02 3.767554462e-02 3.772142157e-02 3.791778907e-02
 3.826261312e-02 3.875560313e-02 3.939789161e-02 4.019171372e-02 4.114021361e-02
 4.224727675e-02 4.351742566e-02 4.495573789e-02 4.656776786e-02 4.835951701e-02
 5.033737794e-02 5.250809342e-02 5.487872288e-02 5.745662376e-02 6.024940684e-02
 6.326488405e-02 6.651100516e-02 6.999569386e-02 7.372653484e-02 7.771037519e-02
 8.195253462e-02 8.645581454e-02 9.121894091e-02 9.623450786e-02 1.014856249e-01
 1.069409773e-01 1.125478595e-01 1.182230860e-01 1.238431409e-01 1.292375624e-01
 1.341933310e-01 1.384800971e-01 1.418931037e-01 1.443095505e-01 1.457170695e-01
 1.462148726e-01 1.459714770e-01 1.451686323e-01 1.439785808e-01 1.425413042e-01
 1.409616023e-01 1.393135190e-01 1.376468241e-01 1.359935254e-01 1.343730539e-01
 1.327963620e-01 1.312688440e-01 1.297923177e-01 1.283664107e-01 1.269894987e-01
 8.713600226e-03 1.979585551e-02 3.507992998e-02 4.543652013e-02 4.561834782e-02
 4.452386498e-02 4.350792244e-02 4.259907454e-02 4.181301966e-02 4.115976766e-02
 4.064600915e-02 4.027502611e-02 4.004838690e-02 3.996718302e-02 4.003277048e-02
 4.024716094e-02 4.061315954e-02 4.113439098e-02 4.181526974e-02 4.266092554e-02
 4.367716610e-02 4.487038031e-02 4.624752328e-02 4.781606048e-02 4.958395660e-02
 5.155967921e-02 5.375220254e-02 5.617104471e-02 5.882636830e-02 6.172904745e-02
 6.489085406e-02 6.832467765e-02 7.204473764e-02 7.606682181e-02 8.040784299e-02
 8.508547395e-02 9.011757374e-02 9.552172571e-02 1.013140008e-01 1.075069979e-01
 1.141048670e-01 1.210934073e-01 1.284217089e-01 1.359695643e-01 1.434962302e-01
 1.505838633e-01 1.566440910e-01 1.611042470e-01 1.636278033e-01 1.642454565e-01
 1.633189023e-01 1.613709927e-01 1.588776559e-01 1.561468542e-01 1.533689350e-01
 1.506524980e-01 1.480525583e-01 1.455917209e-01 1.432744265e-01 1.410955042e-01
 1.390452087e-01 1.371121407e-01 1.352847368e-01 1.335520893e-01 1.319042742e-01
 8.909970522e-03 2.021316998e-02 3.576016799e-02 4.637794569e-02 4.674776644e-02
 4.587110877e-02 4.510584846e-02 4.434064776e-02 4.363174364e-02 4.300453514e-02
 4.247589037e-02 4.205806553e-02 4.176046699e-02 4.159088060e-02 4.155625775e-02
 4.166327044e-02 4.191865772e-02 4.232943058e-02 4.290298373e-02 4.364714399e-02
 4.457019269e-02 4.568086565e-02 4.698834196e-02 4.850225151e-02 5.023268238e-02
 5.219022557e-02 5.438603461e-02 5.683191121e-02 5.954046547e-02 6.252530217e-02
 6.580134481e-02 6.938528270e-02 7.329663634e-02 7.755962759e-02 8.220576495e-02
 8.726713806e-02 9.277939796e-02 9.877976030e-02 1.053137630e-01 1.124414057e-01
 1.202374622e-01 1.287914366e-01 1.382043213e-01 1.485730559e-01 1.599252969e-01
 1.720557064e-01 1.828857660e-01 1.898143739e-01 1.921658218e-01 1.897327006e-01
 1.842991263e-01 1.785981208e-01 1.731633097e-01 1.681425869e-01 1.636261046e-01
 1.595916450e-01 1.559829563e-01 1.527383476e-01 1.498009861e-01 1.471218318e-01
 1.446598768e-01 1.423813552e-01 1.402586102e-01 1.382691264e-01 1.363945156e-01
 9.021300822e-03 2.045422606e-02 3.616691381e-02 4.697593674e-02 4.758497700e-02
 4.686878622e-02 4.615774006e-02 4.546418414e-02 4.480550066e-02 4.419971257e-02
 4.366355389e-02 4.321184009e-02 4.285769910e-02 4.261301085e-02 4.248882085e-02
 4.249572009e-02 4.264411703e-02 4.294444993e-02 4.340728000e-02 4.404339939e-02
 4.486384243e-02 4.587991908e-02 4.710320756e-02 4.854558781e-02 5.021926388e-02
 5.213681236e-02 5.431128293e-02 5.675629526e-02 5.948621407e-02 6.251634657e-02
 6.586319208e-02 6.954465806e-02 7.358011603e-02 7.801995426e-02 8.289247751e-02
 8.822174370e-02 9.405364841e-02 1.004770622e-01 1.075384840e-01 1.153309643e-01
 1.239948645e-01 1.337263584e-01 1.448107213e-01 1.576800197e-01 1.730146110e-01
 1.920991987e-01 2.088796049e-01 2.185945064e-01 2.215485722e-01 2.174291462e-01
 2.066366374e-01 1.940748543e-01 1.848161966e-01 1.774735600e-01 1.714698076e-01
 1.664379090e-01 1.621305346e-01 1.583753526e-01 1.550490260e-01 1.520614177e-01
 1.493454725e-01 1.468506008e-01 1.445381790e-01 1.423784345e-01 1.403481960e-01
 9.084610268e-03 2.059246600e-02 3.639712185e-02 4.731514677e-02 4.804113135e-02
 4.741773009e-02 4.677017406e-02 4.611844569e-02 4.548047855e-02 4.487342015e-02
 4.431363568e-02 4.381668940e-02 4.339743778e-02 4.307013378e-02 4.284863546e-02
 4.274657741e-02 4.277751967e-02 4.295505583e-02 4.329287261e-02 4.380476475e-02
 4.450463504e-02 4.540646076e-02 4.652428627e-02 4.787222296e-02 4.946445674e-02
 5.131530017e-02 5.343928188e-02 5.585125834e-02 5.856658518e-02 6.160134077e-02
 6.497256458e-02 6.869854778e-02 7.279836386e-02 7.731790096e-02 8.229056001e-02
 8.773845434e-02 9.370620549e-02 1.002798527e-01 1.074987501e-01 1.154549494e-01
 1.242819279e-01 1.341651678e-01 1.453731358e-01 1.583124250e-01 1.736408472e-01
 1.927018911e-01 2.096809298e-01 2.198835313e-01 2.237614691e-01 2.211023122e-01
 2.109580934e-01 1.978701949e-01 1.883584112e-01 1.809669584e-01 1.749886572e-01
 1.700002104e-01 1.657310724e-01 1.619996279e-01 1.586795002e-01 1.556804478e-01
 1.529367566e-01 1.503998935e-01 1.480335146e-01 1.458102316e-01 1.437090784e-01
 9.116716683e-03 2.066210844e-02 3.651994467e-02 4.749007896e-02 4.825695604e-02
 4.767255858e-02 4.704973847e-02 4.640518129e-02 4.575556144e-02 4.511727765e-02
 4.450649768e-02 4.393921047e-02 4.343129694e-02 4.299862310e-02 4.265713692e-02
 4.242296517e-02 4.231248796e-02 4.234233871e-02 4.252934083e-02 4.289043695e-02
 4.344255105e-02 4.420247301e-02 4.518677667e-02 4.641173035e-02 4.789332673e-02
 4.964733496e-02 5.168931931e-02 5.403474346e-02 5.669910461e-02 5.969819427e-02
 6.304839253e-02 6.676723063e-02 7.087422907e-02 7.539265603e-02 8.034995198e-02
 8.577498794e-02 9.169869125e-02 9.815452993e-02 1.051811129e-01 1.128274947e-01
 1.211529374e-01 1.302247941e-01 1.401109397e-01 1.508554220e-01 1.623950154e-01
 1.743196547e-01 1.849930733e-01 1.926301867e-01 1.966202110e-01 1.967993379e-01
 1.934769303e-01 1.883538663e-01 1.831866801e-01 1.784314811e-01 1.741600186e-01
 1.703256369e-01 1.668583155e-01 1.636915207e-01 1.607694626e-01 1.580477953e-01
 1.554922014e-01 1.530765742e-01 1.507811248e-01 1.485909224e-01 1.464945823e-01
 9.127349593e-03 2.068430558e-02 3.654543683e-02 4.752467200e-02 4.830791056e-02
 4.771941900e-02 4.707992077e-02 4.640358686e-02 4.570515826e-02 4.499984905e-02
 4.430327192e-02 4.363144189e-02 4.300084710e-02 4.242850095e-02 4.193205014e-02
 4.152987525e-02 4.124117270e-02 4.108585790e-02 4.108429328e-02 4.125701636e-02
 4.162445292e-02 4.220660031e-02 4.302273691e-02 4.409125820e-02 4.542979598e-02
 4.705538228e-02 4.898419976e-02 5.123158172e-02 5.381232873e-02 5.674074963e-02
 6.003084034e-02 6.369648129e-02 6.775168329e-02 7.221062481e-02 7.708754390e-02
 8.239618689e-02 8.814895898e-02 9.435604513e-02 1.010242850e-01 1.081541479e-01
 1.157342196e-01 1.237309054e-01 1.320704371e-01 1.406088024e-01 1.490859687e-01
 1.570719779e-01 1.643195748e-01 1.703608185e-01 1.745681912e-01 1.768836528e-01
 1.775065362e-01 1.768396944e-01 1.753343791e-01 1.733600050e-01 1.711502224e-01
 1.688371897e-01 1.664912254e-01 1.641487032e-01 1.618286967e-01 1.595419049e-01
 1.572950184e-01 1.550928950e-01 1.529393643e-01 1.508374959e-01 1.487897485e-01
 9.122511372e-03 2.067215182e-02 3.653180227e-02 4.749339074e-02 4.823482037e-02
 4.760669917e-02 4.691381007e-02 4.616815224e-02 4.538285360e-02 4.457193613e-02
 4.375026375e-02 4.293357953e-02 4.213857278e-02 4.138302058e-02 4.068591446e-02
 4.006733000e-02 3.954977915e-02 3.915770352e-02 3.891611099e-02 3.885027021e-02
 3.898530453e-02 3.934551403e-02 3.995347768e-02 4.082866758e-02 4.198941961e-02
 4.345520586e-02 4.524268210e-02 4.736621678e-02 4.983928427e-02 5.267393589e-02
 5.588069558e-02 5.946881697e-02 6.344608963e-02 6.781858951e-02 7.259024680e-02
 7.776212692e-02 8.333133161e-02 8.928940445e-02 9.561982006e-02 1.022945195e-01
 1.092686802e-01 1.164736673e-01 1.238080114e-01 1.311277151e-01 1.382393688e-01
 1.449040174e-01 1.511363387e-01 1.567504853e-01 1.613087654e-01 1.647494584e-01
 1.671054363e-01 1.684847176e-01 1.690397859e-01 1.689282507e-01 1.682936102e-01
 1.672548205e-01 1.659072489e-01 1.643273234e-01 1.625764817e-01 1.607046872e-01
 1.587527990e-01 1.567539722e-01 1.547348797e-01 1.527166516e-01 1.507155895e-01
 9.106033482e-03 2.063399926e-02 3.644664958e-02 4.736222699e-02 4.806390032e-02
 4.736646265e-02 4.658736661e-02 4.573727399e-02 4.482794926e-02 4.387221113e-02
 4.288399592e-02 4.187839106e-02 4.087179527e-02 3.988197818e-02 3.892989829e-02
 3.803984821e-02 3.723793849e-02 3.655197099e-02 3.601104394e-02 3.564507887e-02
 3.548425809e-02 3.555838019e-02 3.589608520e-02 3.652405366e-02 3.746642172e-02
 3.874375671e-02 4.037074745e-02 4.235282540e-02 4.470559955e-02 4.743931815e-02
 5.056032911e-02 5.407336727e-02 5.798063427e-02 6.228174642e-02 6.697323918e-02
 7.204782218e-02 7.749338448e-02 8.329168707e-02 8.941651881e-02 9.583126754e-02
 1.024861336e-01 1.093149930e-01 1.162326038e-01 1.231333539e-01 1.298941672e-01
 1.363940537e-01 1.425615549e-01 1.482667178e-01 1.533172578e-01 1.576031744e-01
 1.610726565e-01 1.637138277e-01 1.655498743e-01 1.666337997e-01 1.670389175e-01
 1.668533236e-01 1.661717445e-01 1.650876850e-01 1.636899114e-01 1.620580256e-01
 1.602603495e-01 1.583533883e-01 1.563824564e-01 1.543827653e-01 1.523810327e-01
 9.080539457e-03 2.057566121e-02 3.635723144e-02 4.721262679e-02 4.781678319e-02
 4.702266306e-02 4.612757266e-02 4.514058679e-02 4.407197237e-02 4.293315858e-02
 4.173682258e-02 4.049700126e-02 3.922908381e-02 3.795406967e-02 3.669580072e-02
 3.548087180e-02 3.433842584e-02 3.329990059e-02 3.239865601e-02 3.166943416e-02
 3.114776127e-02 3.086921014e-02 3.086857870e-02 3.117901459e-02 3.183104098e-02
 3.285147622e-02 3.426223993e-02 3.607920930e-02 3.831216320e-02 4.096017033e-02
 4.401339591e-02 4.747769237e-02 5.135077238e-02 5.562711880e-02 6.029820070e-02
 6.535208970e-02 7.077292353e-02 7.653991878e-02 8.262651414e-02 8.899918944e-02
 9.561616927e-02 1.024262533e-01 1.093679816e-01 1.163694933e-01 1.233493313e-01
 1.302174330e-01 1.368725747e-01 1.431977749e-01 1.490618438e-01 1.543291807e-01
 1.588708907e-01 1.625828594e-01 1.653963029e-01 1.672906876e-01 1.683043838e-01
 1.685224921e-01 1.680644155e-01 1.670677960e-01 1.656641215e-01 1.639696509e-01
 1.620805413e-01 1.600723565e-01 1.580022573e-01 1.559121162e-01 1.538316309e-01
 9.047922678e-03 2.050126344e-02 3.620264307e-02 4.697779939e-02 4.750658199e-02
 4.659316316e-02 4.555636644e-02 4.440358654e-02 4.314345866e-02 4.178577289e-02
 4.034155980e-02 3.882338107e-02 3.725014627e-02 3.564409167e-02 3.403084725e-02
 3.243944794e-02 3.090219758e-02 2.945439704e-02 2.813391015e-02 2.698060498e-02
 2.603563666e-02 2.534063160e-02 2.493675426e-02 2.486372367e-02 2.515876293e-02
 2.585551701e-02 2.698294260e-02 2.856419608e-02 3.061538748e-02 3.314414620e-02
 3.614852577e-02 3.961587697e-02 4.351425916e-02 4.783383757e-02 5.256455764e-02
 5.769172311e-02 6.319831312e-02 6.906505674e-02 7.526988536e-02 8.178751171e-02
 8.858917654e-02 9.564223140e-02 1.029095575e-01 1.103486493e-01 1.179097667e-01
 1.255322248e-01 1.331379563e-01 1.406214237e-01 1.478367597e-01 1.545862705e-01
 1.606237292e-01 1.656657755e-01 1.694745421e-01 1.719326377e-01 1.730679125e-01
 1.730612814e-01 1.721721888e-01 1.706510633e-01 1.687173545e-01 1.665385514e-01
 1.642340720e-01 1.618850380e-01 1.595444083e-01 1.572452635e-01 1.550073028e-01
 9.009751491e-03 2.041428722e-02 3.606751934e-02 4.675382376e-02 4.714560881e-02
 4.609449208e-02 4.489448294e-02 4.355123639e-02 4.207155481e-02 4.046326876e-02
 3.873530403e-02 3.690318018e-02 3.498631343e-02 3.300805390e-02 3.099586256e-02
 2.898137271e-02 2.700025216e-02 2.509191632e-02 2.329906821e-02 2.166702971e-02
 2.024294436e-02 1.907481067e-02 1.821044832e-02 1.769635640e-02 1.757658273e-02
 1.789156906e-02 1.867703907e-02 1.996289380e-02 2.177215181e-02 2.411981300e-02
 2.701165155e-02 3.044273145e-02 3.439566866e-02 3.884071857e-02 4.372608662e-02
 4.902546108e-02 5.472447351e-02 6.080626324e-02 6.725415587e-02 7.405277342e-02
 8.118791878e-02 8.864723146e-02 9.642080963e-02 1.045013666e-01 1.128836796e-01
 1.215619966e-01 1.305232048e-01 1.397309005e-01 1.490900218e-01 1.583724469e-01
 1.670871526e-01 1.744752228e-01 1.797487736e-01 1.824904233e-01 1.828188151e-01
 1.813210994e-01 1.787691265e-01 1.757458150e-01 1.725659370e-01 1.694078743e-01
 1.663616002e-01 1.634654403e-01 1.607302129e-01 1.581529677e-01 1.557243764e-01
 8.967541158e-03 2.031811327e-02 3.586844355e-02 4.645395279e-02 4.674676433e-02
 4.554379359e-02 4.416369647e-02 4.261029884e-02 4.088826105e-02 3.900302574e-02
 3.696518764e-02 3.479041532e-02 3.249861300e-02 3.011430614e-02 2.766690217e-02
 2.519079298e-02 2.272524498e-02 2.031409740e-02 1.800522581e-02 1.584979519e-02
 1.390130259e-02 1.221447159e-02 1.084402855e-02 9.843417443e-03 9.263516404e-03
 9.151402861e-03 9.549205191e-03 1.049305778e-02 1.201213617e-02 1.412775833e-02
 1.685247384e-02 2.018908225e-02 2.412945032e-02 2.865290828e-02 3.372418880e-02
 3.929322585e-02 4.528354481e-02 5.167397484e-02 5.845278874e-02 6.561218202e-02
 7.315032929e-02 8.107300103e-02 8.939589560e-02 9.814809263e-02 1.073765084e-01
 1.171518862e-01 1.275768578e-01 1.387968361e-01 1.510163695e-01 1.645389795e-01
 1.801995635e-01 1.936207712e-01 2.016538680e-01 2.042972296e-01 2.005887330e-01
 1.933749318e-01 1.868159622e-01 1.810147613e-01 1.759301126e-01 1.714939624e-01
 1.675999910e-01 1.641488820e-01 1.610581279e-01 1.582617462e-01 1.557076126e-01
 8.922857232e-03 2.021631040e-02 3.571171686e-02 4.619123787e-02 4.632414132e-02
 4.495975748e-02 4.338794947e-02 4.161062092e-02 3.963001817e-02 3.745112568e-02
 3.508513421e-02 3.254753724e-02 2.985869907e-02 2.704435028e-02 2.413593605e-02
 2.117077261e-02 1.819195971e-02 1.524804905e-02 1.239243522e-02 9.682480246e-03
 7.178392261e-03 4.941923078e-03 3.034923458e-03 1.517858356e-03 4.483395605e-04
-1.202358326e-04-1.398940803e-04 4.308947537e-04 1.626384095e-03 3.472867189e-03
 5.988075864e-03 9.180551395e-03 1.304888353e-02 1.758071221e-02 2.275128476e-02
 2.852133103e-02 3.483423591e-02 4.161596298e-02 4.878146574e-02 5.633334816e-02
 6.427484751e-02 7.261992991e-02 8.139749616e-02 9.065597504e-02 1.004715189e-01
 1.109604314e-01 1.222996414e-01 1.347612292e-01 1.487708390e-01 1.649967432e-01
 1.845337749e-01 2.012744099e-01 2.113162577e-01 2.149892002e-01 2.121754587e-01
 2.025034279e-01 1.909718812e-01 1.826191247e-01 1.761806905e-01 1.710174829e-01
 1.667442322e-01 1.631156355e-01 1.599681228e-01 1.571883708e-01 1.546954364e-01
 8.877302520e-03 2.011256665e-02 3.549934179e-02 4.587042704e-02 4.589430615e-02
 4.436302930e-02 4.259340093e-02 4.058522731e-02 3.833810240e-02 3.585795313e-02
 3.315521404e-02 3.024514765e-02 2.714855783e-02 2.389241010e-02 2.051026560e-02
 1.704250090e-02 1.353624463e-02 1.004500594e-02 6.627976429e-03 3.349005943e-03
 2.752872242e-04-2.524190117e-03-4.980332218e-03-7.025683299e-03-8.596113883e-03
-9.632352740e-03-1.008128747e-02-9.896987118e-03-9.041434154e-03-7.485001814e-03
-5.206753500e-03-2.194675850e-03 1.554000075e-03 6.032228470e-03 1.122216973e-02
 1.709370315e-02 2.360224351e-02 3.068552166e-02 3.826022148e-02 4.621671885e-02
 5.452739075e-02 6.320330501e-02 7.226689905e-02 8.175742626e-02 9.173509479e-02
 1.022886932e-01 1.135464609e-01 1.256930679e-01 1.389992535e-01 1.538942605e-01
 1.714413464e-01 1.865305603e-01 1.960894465e-01 2.004693598e-01 1.995049566e-01
 1.923765242e-01 1.831457168e-01 1.763925403e-01 1.710472703e-01 1.666822881e-01
 1.630285829e-01 1.599038690e-01 1.571802050e-01 1.547655761e-01 1.525923610e-01
 8.832341060e-03 2.001017332e-02 3.534121439e-02 4.560662434e-02 4.547087103e-02
 4.377281666e-02 4.180629179e-02 3.956804797e-02 3.705688566e-02 3.427799046e-02
 3.124102205e-02 2.796099149e-02 2.445914969e-02 2.076371200e-02 1.691040769e-02
 1.294275187e-02 8.912015706e-03 4.876808263e-03 9.022750310e-04-2.941092942e-03
-6.578997709e-03-9.935147129e-03-1.293324027e-02-1.549900044e-02-1.756211929e-02
-1.905799657e-02-1.992916875e-02-2.012635209e-02-1.960910298e-02-1.834610663e-02
-1.631519943e-02-1.350323856e-02-9.905990213e-03-5.528238602e-03-3.843040904e-04
 5.500813015e-03 1.208951045e-02 1.932884939e-02 2.714666910e-02 3.544646129e-02
 4.410505667e-02 5.303688720e-02 6.224818900e-02 7.174962759e-02 8.155862987e-02
 9.169610590e-02 1.021805704e-01 1.130133718e-01 1.241438761e-01 1.353885233e-01
 1.462719291e-01 1.558198035e-01 1.631035060e-01 1.676796228e-01 1.694903970e-01
 1.689000875e-01 1.668413132e-01 1.642748863e-01 1.616688967e-01 1.592055112e-01
 1.569361091e-01 1.548596472e-01 1.529560983e-01 1.512004733e-01 1.495684385e-01
 8.789429441e-03 1.991232112e-02 3.514442220e-02 4.530491680e-02 4.506321251e-02
 4.320807755e-02 4.105433449e-02 3.859641030e-02 3.583320975e-02 3.276880831e-02
 2.941209450e-02 2.577784657e-02 2.188775130e-02 1.777126268e-02 1.346625946e-02
 9.019393474e-03 4.486060236e-03-7.004838699e-05-4.577863496e-03-8.960305713e-03
-1.313606463e-02-1.702170074e-02-2.053394169e-02-2.359202877e-02-2.611994557e-02
-2.804838680e-02-2.931632288e-02-2.987210453e-02-2.967405878e-02-2.869061567e-02
-2.690007165e-02-2.429012023e-02-2.085735649e-02-1.660694182e-02-1.155270077e-02
-5.717834458e-03 8.635063423e-04 8.143615909e-03 1.605756022e-02 2.451851219e-02
 3.341152146e-02 4.258862138e-02 5.190562829e-02 6.134971231e-02 7.090164721e-02
 8.053367585e-02 9.020002931e-02 9.982360154e-02 1.092772186e-01 1.183626577e-01
 1.267991662e-01 1.342731118e-01 1.404924840e-01 1.452695876e-01 1.485796571e-01
 1.505664736e-01 1.514879465e-01 1.516423076e-01 1.513015479e-01 1.506613195e-01
 1.498489529e-01 1.489421129e-01 1.479861587e-01 1.470065117e-01 1.460167766e-01
 8.750229143e-03 1.982288435e-02 3.500344977e-02 4.507192969e-02 4.469027743e-02
 4.269168153e-02 4.036692530e-02 3.770824522e-02 3.471456841e-02 3.138883412e-02
 2.773919515e-02 2.378019691e-02 1.953393966e-02 1.503106393e-02 1.031150483e-02
 5.424906034e-03 4.306099727e-04-4.602837842e-03-9.598716162e-03-1.447367948e-02
-1.913977787e-02-2.350684628e-02-2.748512477e-02-3.098791279e-02-3.393409401e-02
-3.625032306e-02-3.787276521e-02-3.874823451e-02-3.883475438e-02-3.810154274e-02
-3.652855009e-02-3.410566226e-02-3.083186597e-02-2.671450749e-02-2.176899090e-02
-1.601909101e-02-9.498163126e-03-2.251407132e-03 5.660644732e-03 1.415738463e-02
 2.313243598e-02 3.244668990e-02 4.192198068e-02 5.137008056e-02 6.075879931e-02
 7.004440576e-02 7.916958630e-02 8.805802464e-02 9.661044180e-02 1.047044247e-01
 1.122020259e-01 1.189605296e-01 1.248604655e-01 1.298285127e-01 1.338500530e-01
 1.369712204e-01 1.392903030e-01 1.409341395e-01 1.420319229e-01 1.427022666e-01
 1.430438906e-01 1.431341469e-01 1.430314630e-01 1.427790821e-01 1.424088031e-01
 8.716415614e-03 1.974569820e-02 3.484886140e-02 4.483367130e-02 4.436794668e-02
 4.224509746e-02 3.977186233e-02 3.693975881e-02 3.374661505e-02 3.019443899e-02
 2.629075386e-02 2.204992808e-02 1.749445125e-02 1.265604421e-02 7.576503325e-03
 2.308180789e-03-3.086012788e-03-8.533148095e-03-1.395140961e-02-1.925181597e-02
-2.434046753e-02-2.912121266e-02-3.349855915e-02-3.738062456e-02-4.068193212e-02
-4.332583025e-02-4.524633288e-02-4.638936371e-02-4.671324044e-02-4.618856311e-02
-4.479750991e-02-4.253280908e-02-3.939656168e-02-3.539916873e-02-3.055863082e-02
-2.490053140e-02-1.845884696e-02-1.127786841e-02-3.415346844e-03 5.053099245e-03
 1.402835734e-02 2.338145487e-02 3.294675797e-02 4.251595214e-02 5.189181492e-02
 6.103651971e-02 6.990366429e-02 7.843770087e-02 8.657390624e-02 9.424047917e-02
 1.013630629e-01 1.078731492e-01 1.137152091e-01 1.188546121e-01 1.232833862e-01
 1.270211488e-01 1.301107407e-01 1.326120049e-01 1.345945001e-01 1.361290812e-01
 1.372827291e-01 1.381153613e-01 1.386786550e-01 1.390160918e-01 1.391637772e-01
 8.689510636e-03 1.968425885e-02 3.475255147e-02 4.467452690e-02 4.411069304e-02
 4.188816994e-02 3.929571435e-02 3.632435575e-02 3.297097981e-02 2.923682146e-02
 2.512890287e-02 2.066145837e-02 1.585731842e-02 1.074911188e-02 5.380200222e-03
-1.947980054e-04-5.909991916e-03-1.168879587e-02-1.744515076e-02-2.308539301e-02
-2.851069905e-02-3.361998126e-02-3.831304982e-02-4.249382764e-02-4.607336968e-02
-4.897244647e-02-5.112354085e-02-5.247210339e-02-5.297701806e-02-5.261038244e-02
-5.135663971e-02-4.921130091e-02-4.617952928e-02-4.227476195e-02-3.751771897e-02
-3.193604201e-02-2.556479722e-02-1.844804548e-02-1.064162701e-02-2.217215020e-03
 6.732469425e-03 1.608753018e-02 2.569448575e-02 3.536045551e-02 4.484917969e-02
 5.400823802e-02 6.281073391e-02 7.122289389e-02 7.920592278e-02 8.671838790e-02
 9.371948242e-02 1.001724079e-01 1.060485393e-01 1.113307625e-01 1.160155013e-01
 1.201133132e-01 1.236480102e-01 1.266540885e-01 1.291732788e-01 1.312514395e-01
 1.329354197e-01 1.342707574e-01 1.353001148e-01 1.360624284e-01 1.365924776e-01
 8.670792915e-03 1.964151114e-02 3.466494754e-02 4.453959316e-02 4.393071309e-02
 4.163750634e-02 3.896013647e-02 3.588953987e-02 3.242203221e-02 2.855834737e-02
 2.430515364e-02 1.967660524e-02 1.469579246e-02 9.396028705e-03 3.821837250e-03
-1.970485086e-03-7.912846282e-03-1.392596588e-02-1.992066763e-02-2.579985745e-02
-3.146111220e-02-3.679975122e-02-4.171218723e-02-4.609933123e-02-4.986976832e-02
-5.294249207e-02-5.524896085e-02-5.673440918e-02-5.735827237e-02-5.709388107e-02
-5.592747033e-02-5.385673419e-02-5.088922009e-02-4.704071954e-02-4.233408347e-02
-3.679861128e-02-3.047030419e-02-2.339318953e-02-1.562182326e-02-7.225040812e-03
 1.709129312e-03 1.106770430e-02 2.070665546e-02 3.044545278e-02 4.006365314e-02
 4.930276796e-02 5.813657492e-02 6.654468179e-02 7.450361550e-02 8.198846132e-02
 8.897492290e-02 9.544170648e-02 1.013726816e-01 1.067587882e-01 1.115993187e-01
 1.159024164e-01 1.196846962e-01 1.229702458e-01 1.257891208e-01 1.281755120e-01
 1.301659197e-01 1.317975670e-01 1.331070215e-01 1.341293156e-01 1.348971874e-01
 8.661116473e-03 1.961953193e-02 3.463463113e-02 4.448859021e-02 4.384019598e-02
 4.150590673e-02 3.878054023e-02 3.565469757e-02 3.212416545e-02 2.818929404e-02
 2.385652997e-02 1.913996972e-02 1.406286936e-02 8.658953942e-03 2.973433118e-03
-2.936419565e-03-9.001240134e-03-1.514020190e-02-2.126234770e-02-2.726863697e-02
-3.305460885e-02-3.851356357e-02-4.354001582e-02-4.803319275e-02-5.190031976e-02
-5.505941808e-02-5.744140595e-02-5.899140984e-02-5.966918916e-02-5.944876745e-02
-5.831735581e-02-5.627384782e-02-5.332705006e-02-4.949400946e-02-4.479867965e-02
-3.927120194e-02-3.294802457e-02-2.587312646e-02-1.810039394e-02-9.697264060e-03
-7.495547761e-04 8.632781915e-03 1.830947027e-02 2.810405940e-02 3.779957816e-02
 4.713656753e-02 5.603678152e-02 6.448990107e-02 7.248064876e-02 7.999133319e-02
 8.700416237e-02 9.350343049e-02 9.947747737e-02 1.049202234e-01 1.098322943e-01
 1.142214686e-01 1.181025729e-01 1.214968562e-01 1.244308800e-01 1.269352138e-01
 1.290429980e-01 1.307886392e-01 1.322065145e-01 1.333301365e-01 1.341913790e-01
 8.660618216e-03 1.961851120e-02 3.462743387e-02 4.448028281e-02 4.383728653e-02
 4.149569944e-02 3.876271844e-02 3.562882543e-02 3.208965436e-02 2.814547159e-02
 2.380270138e-02 1.907547750e-02 1.398713514e-02 8.571525104e-03 2.874030499e-03
-3.047859296e-03-9.124522097e-03-1.527484041e-02-2.140753902e-02-2.742324397e-02
-3.321716562e-02-3.868228570e-02-4.371282458e-02-4.820776731e-02-5.207413808e-02
-5.522979796e-02-5.760558322e-02-5.914655700e-02-5.981246755e-02-5.957732722e-02
-5.842835829e-02-5.636443198e-02-5.339431390e-02-4.953496531e-02-4.481020197e-02
-3.924998268e-02-3.289055452e-02-2.577569336e-02-1.795912907e-02-9.508281015e-03
-5.091730272e-04 8.927686140e-03 1.866097189e-02 2.851262316e-02 3.826341033e-02
 4.765210673e-02 5.660832673e-02 6.511870772e-02 7.316493243e-02 8.072619885e-02
 8.778169006e-02 9.431290627e-02 1.003059894e-01 1.057535410e-01 1.106558368e-01
 1.150213480e-01 1.188665330e-01 1.222149506e-01 1.250958145e-01 1.275424361e-01
 1.295905113e-01 1.312766373e-01 1.326369494e-01 1.337061822e-01 1.345170438e-01
 8.669008501e-03 1.963765733e-02 3.466556594e-02 4.453878477e-02 4.391616955e-02
 4.160344601e-02 3.890487924e-02 3.581117466e-02 3.231846169e-02 2.842739783e-02
 2.414468303e-02 1.948460937e-02 1.447052974e-02 9.136143140e-03 3.526490182e-03
-2.301492263e-03-8.278951049e-03-1.432574354e-02-2.035176009e-02-2.625892684e-02
-3.194384649e-02-3.730090335e-02-4.222565517e-02-4.661827907e-02-5.038677156e-02
-5.344967544e-02-5.573817343e-02-5.719733238e-02-5.778653547e-02-5.747910589e-02
-5.626128241e-02-5.413072184e-02-5.109482631e-02-4.716913775e-02-4.237610847e-02
-3.674449027e-02-3.030965291e-02-2.311496995e-02-1.521448325e-02-6.676865276e-03
 2.409373643e-03 1.192968618e-02 2.173691988e-02 3.164512664e-02 4.142573848e-02
 5.083512515e-02 5.985017493e-02 6.844314933e-02 7.658179104e-02 8.423125744e-02
 9.135693312e-02 9.792809933e-02 1.039210036e-01 1.093218252e-01 1.141287982e-01
 1.183528230e-01 1.220164225e-01 1.251519024e-01 1.277987957e-01 1.300006956e-01
 1.318025142e-01 1.332484037e-01 1.343801469e-01 1.352362931e-01 1.358516514e-01
 8.685895242e-03 1.967618987e-02 3.473418206e-02 4.464760423e-02 4.407647625e-02
 4.182540253e-02 3.920038417e-02 3.619259223e-02 3.279890865e-02 2.902063914e-02
 2.486496046e-02 2.034640312e-02 1.548825856e-02 1.032381039e-02 4.897264764e-03
-7.357171853e-04-6.508015562e-03-1.234165765e-02-1.814908162e-02-2.383505739e-02
-2.929919586e-02-3.443890437e-02-3.915262967e-02-4.334310815e-02-4.692044109e-02
-4.980468377e-02-5.192785338e-02-5.323513597e-02-5.368532985e-02-5.325051770e-02
-5.191515014e-02-4.967469350e-02-4.653410614e-02-4.250641912e-02-3.761171550e-02
-3.187675029e-02-2.533550747e-02-1.803089119e-02-1.001769863e-02-1.366978278e-03
 7.828300819e-03 1.744661294e-02 2.733066119e-02 3.728110343e-02 4.705069214e-02
 5.652359873e-02 6.566426158e-02 7.442676276e-02 8.275613934e-02 9.059113264e-02
 9.786894172e-02 1.045305356e-01 1.105291322e-01 1.158367321e-01 1.204477027e-01
 1.243797988e-01 1.276722699e-01 1.303798854e-01 1.325656921e-01 1.342954338e-01
 1.356324703e-01 1.366345584e-01 1.373524666e-01 1.378296912e-01 1.381029040e-01
 8.710571565e-03 1.973252743e-02 3.483394161e-02 4.480639473e-02 4.431194440e-02
 4.215189070e-02 3.963572904e-02 3.675518185e-02 3.350813314e-02 2.989673615e-02
 2.592877857e-02 2.161907591e-02 1.699077152e-02 1.207648311e-02 6.919151638e-03
 1.572530833e-03-3.898830153e-03-9.420160204e-03-1.490765065e-02-2.027024701e-02
-2.541198023e-02-3.023470752e-02-3.464112431e-02-3.853778169e-02-4.183793068e-02
-4.446395859e-02-4.634925723e-02-4.743940011e-02-4.769258201e-02-4.707940295e-02
-4.558209330e-02-4.319335520e-02-3.991508111e-02-3.575721383e-02-3.073698655e-02
-2.487886325e-02-1.821540296e-02-1.078929007e-02-2.656673314e-03 6.108059082e-03
 1.540624537e-02 2.510764077e-02 3.504312411e-02 4.499654844e-02 5.481289327e-02
 6.445369124e-02 7.386795431e-02 8.298715949e-02 9.172245115e-02 9.996534139e-02
 1.075941026e-01 1.144915968e-01 1.205594018e-01 1.257356256e-01 1.300088167e-01
 1.334194094e-01 1.360483617e-01 1.380031109e-01 1.394011378e-01 1.403521746e-01
 1.409501135e-01 1.412707865e-01 1.413732022e-01 1.413023770e-01 1.410923749e-01
 8.741904981e-03 1.980408281e-02 3.496710956e-02 4.501582682e-02 4.461152479e-02
 4.256779701e-02 4.019075260e-02 3.747291863e-02 3.441331163e-02 3.101504780e-02
 2.728662640e-02 2.324316092e-02 1.890757866e-02 1.431162283e-02 9.496632963e-03
 4.513949156e-03-5.751081626e-04-5.699783098e-03-1.078097057e-02-1.573284715e-02
-2.046499029e-02-2.488486096e-02-2.890053205e-02-3.242341802e-02-3.537087142e-02
-3.766840324e-02-3.925140947e-02-4.006629437e-02-4.007095098e-02-3.923464939e-02
-3.753746673e-02-3.496938944e-02-3.152931854e-02-2.722427994e-02-2.206900343e-02
-1.608621888e-02-9.307864122e-03-1.777437283e-03 6.446372252e-03 1.528475620e-02
 2.463234775e-02 3.435056284e-02 4.425873980e-02 5.421438068e-02 6.419732422e-02
 7.417915761e-02 8.411318809e-02 9.392246604e-02 1.034843996e-01 1.126172990e-01
 1.210829169e-01 1.286053360e-01 1.349464208e-01 1.399633139e-01 1.436336637e-01
 1.460613906e-01 1.474598944e-01 1.480883658e-01 1.481816322e-01 1.479237378e-01
 1.474424303e-01 1.468205154e-01 1.461096108e-01 1.453413069e-01 1.445346028e-01
 8.778418414e-03 1.988740638e-02 3.510979563e-02 4.524561018e-02 4.496095330e-02
 4.305340350e-02 4.083956406e-02 3.831329569e-02 3.547390178e-02 3.232562542e-02
 2.887777612e-02 2.514582872e-02 2.115244046e-02 1.692835987e-02 1.251307875e-02
 7.955179550e-03 3.312293673e-03-1.349401777e-03-5.956165027e-03-1.042814646e-02
-1.468127128e-02-1.862944663e-02-2.218697034e-02-2.527097240e-02-2.780370787e-02
-2.971457690e-02-3.094168939e-02-3.143294156e-02-3.114655614e-02-3.005110286e-02
-2.812517248e-02-2.535678819e-02-2.174278721e-02-1.728840172e-02-1.200727373e-02
-5.922139622e-03 9.336028015e-04 8.513296023e-03 1.675322652e-02 2.556754835e-02
 3.484316543e-02 4.443145171e-02 5.422732607e-02 6.423818320e-02 7.447699457e-02
 8.495692164e-02 9.568428993e-02 1.066424176e-01 1.177554056e-01 1.288037449e-01
 1.392661333e-01 1.484052092e-01 1.555748582e-01 1.604138166e-01 1.628780067e-01
 1.632575691e-01 1.621640772e-01 1.603467911e-01 1.583275050e-01 1.563298404e-01
 1.544355154e-01 1.526661217e-01 1.510180831e-01 1.494782716e-01 1.480308920e-01
 8.818564937e-03 1.997882500e-02 3.528313711e-02 4.551456496e-02 4.533882439e-02
 4.358607531e-02 4.155428335e-02 3.924069554e-02 3.664499149e-02 3.377283365e-02
 3.063449077e-02 2.724584192e-02 2.362927049e-02 1.981444471e-02 1.583887078e-02
 1.174817327e-02 7.596037351e-03 3.443741472e-03-6.407089531e-04-4.583865404e-03
-8.308478631e-03-1.173542812e-02-1.478581224e-02-1.738308370e-02-1.945507340e-02
-2.093577944e-02-2.176680230e-02-2.189838700e-02-2.129002102e-02-1.991065778e-02
-1.773865148e-02-1.476153266e-02-1.097581722e-02-6.387057249e-03-1.010327018e-03
 5.128657911e-03 1.199160237e-02 1.952463202e-02 2.765449695e-02 3.628446907e-02
 4.528720304e-02 5.459892377e-02 6.424022466e-02 7.424776256e-02 8.467633277e-02
 9.560507536e-02 1.071452498e-01 1.194517165e-01 1.327418536e-01 1.473393440e-01
 1.634891629e-01 1.772411168e-01 1.863704324e-01 1.910374016e-01 1.910935342e-01
 1.860169768e-01 1.787248403e-01 1.727984399e-01 1.680178195e-01 1.640671343e-01
 1.607338786e-01 1.578675210e-01 1.553588808e-01 1.531274915e-01 1.511132717e-01
 8.861093782e-03 2.007568255e-02 3.544405103e-02 4.577470571e-02 4.574142396e-02
 4.414958507e-02 4.230897501e-02 4.021911696e-02 3.787999600e-02 3.529854119e-02
 3.248591349e-02 2.945834585e-02 2.623790130e-02 2.285311744e-02 1.933945157e-02
 1.573950052e-02 1.210291497e-02 8.485976607e-03 4.950835370e-03 1.564391539e-03
-1.603119890e-03-4.479785450e-03-6.993817631e-03-9.075395763e-03-1.065843366e-02
-1.168217044e-02-1.209249534e-02-1.184296887e-02-1.089552976e-02-9.220922366e-03
-6.798948161e-03-3.618654795e-03 3.213731979e-04 5.012460053e-03 1.043483615e-02
 1.655596122e-02 2.332812548e-02 3.068573587e-02 3.854109719e-02 4.677573591e-02
 5.536444485e-02 6.432029605e-02 7.367216051e-02 8.346829563e-02 9.378455579e-02
 1.047363877e-01 1.164982393e-01 1.293357164e-01 1.436579973e-01 1.600948423e-01
 1.791230887e-01 1.952842474e-01 2.052679956e-01 2.093805820e-01 2.075329870e-01
 1.991580129e-01 1.884826124e-01 1.803257763e-01 1.740541756e-01 1.690448970e-01
 1.649163365e-01 1.614239514e-01 1.584043652e-01 1.557444185e-01 1.533634067e-01
 8.904634975e-03 2.017498389e-02 3.563717380e-02 4.607405141e-02 4.615582526e-02
 4.472467303e-02 4.307579249e-02 4.121068493e-02 3.913136199e-02 3.684418276e-02
 3.436118364e-02 3.169893101e-02 2.887913585e-02 2.592918649e-02 2.288249880e-02
 1.977866888e-02 1.666336693e-02 1.358795259e-02 1.060879976e-02 7.786339615e-03
 5.183842499e-03 2.866008552e-03 8.974235971e-04-6.590264966e-04-1.743698260e-03
-2.301614266e-03-2.283706330e-03-1.647848636e-03-3.596885363e-04 1.606682199e-03
 4.268135875e-03 7.631890476e-03 1.169471536e-02 1.644178852e-02 2.184508182e-02
 2.786140330e-02 3.442972898e-02 4.146763682e-02 4.887665436e-02 5.665098131e-02
 6.478740275e-02 7.329172641e-02 8.218094707e-02 9.148745984e-02 1.012642756e-01
 1.115929410e-01 1.225950792e-01 1.344505847e-01 1.474303007e-01 1.619741470e-01
 1.785599887e-01 1.925023794e-01 2.009257227e-01 2.039420605e-01 2.005586773e-01
 1.933970302e-01 1.864364594e-01 1.801027805e-01 1.747597307e-01 1.702107489e-01
 1.662841588e-01 1.628461778e-01 1.597949713e-01 1.570532471e-01 1.545619965e-01
 8.947418071e-03 2.027255856e-02 3.579421341e-02 4.633195326e-02 4.656258598e-02
 4.528792202e-02 4.382544383e-02 4.217887297e-02 4.035285488e-02 3.835303709e-02
 3.619215637e-02 3.388698399e-02 3.145882487e-02 2.893392369e-02 2.634369954e-02
 2.372484654e-02 2.111919969e-02 1.857338473e-02 1.613822393e-02 1.386791095e-02
 1.181896683e-02 1.004904415e-02 8.615604602e-03 7.574550807e-03 6.978868507e-03
 6.877334788e-03 7.313326467e-03 8.323749527e-03 9.938066825e-03 1.217738818e-02
 1.505353302e-02 1.856794395e-02 2.271036804e-02 2.745733410e-02 3.277014568e-02
 3.859228268e-02 4.484001920e-02 5.147404224e-02 5.847360939e-02 6.582210213e-02
 7.350444049e-02 8.150839061e-02 8.982551843e-02 9.845192730e-02 1.073886752e-01
 1.166408285e-01 1.262129992e-01 1.360964626e-01 1.462354660e-01 1.564366370e-01
 1.661553681e-01 1.743739992e-01 1.801726818e-01 1.831330210e-01 1.833397150e-01
 1.815237552e-01 1.786128879e-01 1.752497405e-01 1.718285382e-01 1.685194075e-01
 1.653888822e-01 1.624553055e-01 1.597146988e-01 1.571536958e-01 1.547556818e-01
 8.987593465e-03 2.036419883e-02 3.597870097e-02 4.661466926e-02 4.694472253e-02
 4.581685364e-02 4.452918097e-02 4.308750480e-02 4.149878770e-02 3.977090493e-02
 3.791490942e-02 3.594784439e-02 3.389065340e-02 3.176847845e-02 2.961083315e-02
 2.745165117e-02 2.532913163e-02 2.328541689e-02 2.136607282e-02 1.961936429e-02
 1.809537597e-02 1.684497669e-02 1.591869444e-02 1.536551211e-02 1.523166802e-02
 1.555945538e-02 1.638606749e-02 1.774247922e-02 1.965233311e-02 2.213077620e-02
 2.518318966e-02 2.880384959e-02 3.297415003e-02 3.766066208e-02 4.280886799e-02
 4.837277159e-02 5.433369428e-02 6.066828594e-02 6.735171378e-02 7.435654849e-02
 8.165267855e-02 8.920664340e-02 9.698086977e-02 1.049326956e-01 1.130126193e-01
 1.211612523e-01 1.293033659e-01 1.373373121e-01 1.451170892e-01 1.524307430e-01
 1.589911878e-01 1.644875258e-01 1.686503738e-01 1.713372618e-01 1.725896001e-01
 1.725986749e-01 1.716466099e-01 1.700357050e-01 1.680139154e-01 1.657647938e-01
 1.634129435e-01 1.610385776e-01 1.586912721e-01 1.564002782e-01 1.541816443e-01
 9.023343213e-03 2.044580691e-02 3.610147536e-02 4.682284594e-02 4.728614539e-02
 4.629034922e-02 4.516008496e-02 4.390335456e-02 4.252931476e-02 4.104817659e-02
 3.947127983e-02 3.781429678e-02 3.609779477e-02 3.434585035e-02 3.258615360e-02
 3.085001372e-02 2.917218767e-02 2.759059519e-02 2.614583820e-02 2.488058805e-02
 2.383881994e-02 2.306492068e-02 2.260271274e-02 2.249440178e-02 2.277947776e-02
 2.349360660e-02 2.466747537e-02 2.632562444e-02 2.848521248e-02 3.115482256e-02
 3.433283418e-02 3.800598532e-02 4.214394465e-02 4.671713710e-02 5.171621218e-02
 5.712411925e-02 6.292165816e-02 6.908514351e-02 7.558565587e-02 8.238806576e-02
 8.944950253e-02 9.671787918e-02 1.041302159e-01 1.116109714e-01 1.190704033e-01
 1.264041364e-01 1.334968209e-01 1.402283013e-01 1.464752555e-01 1.521082669e-01
 1.569969356e-01 1.610213518e-01 1.640976518e-01 1.661980599e-01 1.673560739e-01
 1.676656753e-01 1.672606468e-01 1.662879884e-01 1.648920178e-01 1.631989479e-01
 1.613114923e-01 1.593088657e-01 1.572497487e-01 1.551761627e-01 1.531172842e-01
 9.052792564e-03 2.051324584e-02 3.624823689e-02 4.704287648e-02 4.757200181e-02
 4.668794945e-02 4.569204152e-02 4.459436983e-02 4.340618849e-02 4.213973880e-02
 4.080830887e-02 3.942637518e-02 3.801304102e-02 3.659132496e-02 3.518713266e-02
 3.382924199e-02 3.254912794e-02 3.138069063e-02 3.035982884e-02 2.952390164e-02
 2.891106531e-02 2.855950594e-02 2.850657329e-02 2.878784388e-02 2.943611704e-02
 3.048035130e-02 3.194458038e-02 3.384668753e-02 3.619712219e-02 3.899783269e-02
 4.223687574e-02 4.590750486e-02 5.001072958e-02 5.454167351e-02 5.949375778e-02
 6.485658884e-02 7.061524689e-02 7.674925029e-02 8.323077112e-02 9.002243727e-02
 9.707479179e-02 1.043234095e-01 1.116862893e-01 1.190620288e-01 1.263284832e-01
 1.333303452e-01 1.398475319e-01 1.457331181e-01 1.509471536e-01 1.554228514e-01
 1.591018438e-01 1.619589627e-01 1.640041173e-01 1.652771533e-01 1.658446938e-01
 1.657914221e-01 1.652126610e-01 1.642071605e-01 1.628690511e-01 1.612833291e-01
 1.595229805e-01 1.576481313e-01 1.557065845e-01 1.537352204e-01 1.517616808e-01
 9.073687717e-03 2.056158148e-02 3.630927205e-02 4.716001078e-02 4.778750986e-02
 4.698800296e-02 4.609754309e-02 4.512780160e-02 4.409179091e-02 4.300345480e-02
 4.187764227e-02 4.073013365e-02 3.957781196e-02 3.844168410e-02 3.734588251e-02
 3.631667420e-02 3.538233414e-02 3.457286581e-02 3.391962871e-02 3.345488012e-02
 3.321117535e-02 3.322070464e-02 3.351451084e-02 3.412166983e-02 3.506839275e-02
 3.637700155e-02 3.806506097e-02 4.014353082e-02 4.261246696e-02 4.548422620e-02
 4.876775667e-02 5.246944726e-02 5.659480393e-02 6.114737689e-02 6.612852216e-02
 7.153684646e-02 7.736712694e-02 8.360871673e-02 9.024348855e-02 9.724250436e-02
 1.045615301e-01 1.121351123e-01 1.198697612e-01 1.276380271e-01 1.352770627e-01
 1.425954998e-01 1.490909010e-01 1.545111686e-01 1.590175033e-01 1.625257879e-01
 1.650320590e-01 1.666079611e-01 1.673709601e-01 1.674598753e-01 1.670056581e-01
 1.661221683e-01 1.649044305e-01 1.634307206e-01 1.617659926e-01 1.599640846e-01
 1.580695212e-01 1.561186612e-01 1.541407853e-01 1.521589905e-01 1.501910836e-01
 9.082914330e-03 2.058386058e-02 3.637998924e-02 4.726109654e-02 4.790423810e-02
 4.716048390e-02 4.634319246e-02 4.546659067e-02 4.454577342e-02 4.359634593e-02
 4.263441637e-02 4.167663306e-02 4.074030742e-02 3.984359652e-02 3.900772706e-02
 3.825641796e-02 3.761470690e-02 3.710871562e-02 3.676533699e-02 3.661181778e-02
 3.667522967e-02 3.698188812e-02 3.755665943e-02 3.842224926e-02 3.959831223e-02
 4.109921306e-02 4.293837026e-02 4.513282329e-02 4.769627750e-02 5.064229667e-02
 5.398387834e-02 5.773354322e-02 6.190371141e-02 6.650695205e-02 7.155562192e-02
 7.706125826e-02 8.303395659e-02 8.948154747e-02 9.640781581e-02 1.038100868e-01
 1.116736978e-01 1.199620441e-01 1.285997927e-01 1.374467760e-01 1.462674141e-01
 1.547283381e-01 1.620489061e-01 1.677375883e-01 1.718575060e-01 1.742972732e-01
 1.751762182e-01 1.748108566e-01 1.736043096e-01 1.718894541e-01 1.698953658e-01
 1.677585542e-01 1.655554771e-01 1.633286029e-01 1.611023694e-01 1.588919461e-01
 1.567078382e-01 1.545580029e-01 1.524487287e-01 1.503850967e-01 1.483710706e-01
 9.076117538e-03 2.057054266e-02 3.633776307e-02 4.721686989e-02 4.789259285e-02
 4.716878012e-02 4.638722166e-02 4.556544870e-02 4.472076520e-02 4.387032613e-02
 4.303112999e-02 4.222015664e-02 4.145450890e-02 4.075159878e-02 4.012940079e-02
 3.960767388e-02 3.920808434e-02 3.895278275e-02 3.886414319e-02 3.896438330e-02
 3.927516565e-02 3.981704637e-02 4.060834646e-02 4.166522622e-02 4.300655425e-02
 4.464926943e-02 4.660937563e-02 4.890278354e-02 5.154504254e-02 5.455162004e-02
 5.793834105e-02 6.172198430e-02 6.592134386e-02 7.055855542e-02 7.566044480e-02
 8.125510067e-02 8.737133443e-02 9.403835982e-02 1.012910828e-01 1.091729552e-01
 1.177352965e-01 1.270332932e-01 1.371149719e-01 1.479899436e-01 1.595306396e-01
 1.711164713e-01 1.812185943e-01 1.885210127e-01 1.925476342e-01 1.931885034e-01
 1.907238364e-01 1.863567829e-01 1.816267818e-01 1.771743447e-01 1.731222570e-01
 1.694527715e-01 1.661128849e-01 1.630467176e-01 1.602054536e-01 1.575496048e-01
 1.550483704e-01 1.526782215e-01 1.504214406e-01 1.482646018e-01 1.461975127e-01
 9.046687745e-03 2.050730772e-02 3.625645489e-02 4.709412903e-02 4.770823196e-02
 4.695947096e-02 4.617119208e-02 4.536357895e-02 4.455606267e-02 4.376674071e-02
 4.301285744e-02 4.231100157e-02 4.167726636e-02 4.112747312e-02 4.067743942e-02
 4.034329206e-02 4.014189914e-02 4.009122401e-02 4.020892456e-02 4.051193595e-02
 4.101639986e-02 4.173923656e-02 4.269671440e-02 4.390460253e-02 4.537872225e-02
 4.713465273e-02 4.918782040e-02 5.155366287e-02 5.424781144e-02 5.728635937e-02
 6.068608537e-02 6.446470320e-02 6.864023954e-02 7.326253504e-02 7.836487144e-02
 8.396514505e-02 9.010668844e-02 9.688064456e-02 1.043165475e-01 1.125017628e-01
 1.215643287e-01 1.316801459e-01 1.431007832e-01 1.562032253e-01 1.715957373e-01
 1.902369708e-01 2.059148550e-01 2.155454904e-01 2.195117325e-01 2.176473141e-01
 2.091338634e-01 1.967741698e-01 1.874929368e-01 1.802580655e-01 1.743932366e-01
 1.694915742e-01 1.652915627e-01 1.616167724e-01 1.583440453e-01 1.553852111e-01
 1.526760310e-01 1.501690745e-01 1.478289217e-01 1.456288099e-01 1.435483992e-01
 8.983840235e-03 2.037067898e-02 3.600801900e-02 4.673965648e-02 4.727399349e-02
 4.644452035e-02 4.560452700e-02 4.477438331e-02 4.397039488e-02 4.321071506e-02
 4.251259193e-02 4.189160094e-02 4.136185348e-02 4.093648493e-02 4.062811285e-02
 4.044923931e-02 4.041254520e-02 4.053101316e-02 4.081778973e-02 4.128607735e-02
 4.194912687e-02 4.282037169e-02 4.391330481e-02 4.524146765e-02 4.681850597e-02
 4.865820333e-02 5.077456683e-02 5.318195745e-02 5.589525029e-02 5.893001333e-02
 6.230276823e-02 6.603113562e-02 7.013368607e-02 7.466807961e-02 7.966146618e-02
 8.513353765e-02 9.113018215e-02 9.775039554e-02 1.050326079e-01 1.130688414e-01
 1.220023260e-01 1.320336461e-01 1.434554756e-01 1.567114592e-01 1.724933833e-01
 1.917610765e-01 2.076025009e-01 2.168800086e-01 2.199263424e-01 2.165642083e-01
 2.069828063e-01 1.943772286e-01 1.849250793e-01 1.774812490e-01 1.714248061e-01
 1.663676202e-01 1.620508730e-01 1.582955867e-01 1.549745202e-01 1.519951820e-01
 1.492890567e-01 1.468046606e-01 1.445028335e-01 1.423535049e-01 1.403333694e-01
 8.868914098e-03 2.012261748e-02 3.560994565e-02 4.614984244e-02 4.641726241e-02
 4.543519393e-02 4.456645623e-02 4.368793219e-02 4.285927862e-02 4.210663587e-02
 4.144728556e-02 4.089391232e-02 4.045654461e-02 4.014380276e-02 3.996375203e-02
 3.992443159e-02 4.003418237e-02 4.030178115e-02 4.073647782e-02 4.134796932e-02
 4.214634374e-02 4.314206913e-02 4.434593767e-02 4.576904327e-02 4.742280394e-02
 4.931896552e-02 5.146968365e-02 5.388759822e-02 5.658600107e-02 5.957905576e-02
 6.288211793e-02 6.651228666e-02 7.048955560e-02 7.484009117e-02 7.959751040e-02
 8.479494601e-02 9.046941996e-02 9.665967524e-02 1.034117937e-01 1.107895002e-01
 1.188749894e-01 1.277705282e-01 1.375999153e-01 1.485037804e-01 1.606081128e-01
 1.737177819e-01 1.854150891e-01 1.926175058e-01 1.948873848e-01 1.918177754e-01
 1.858156174e-01 1.797110289e-01 1.739265323e-01 1.686873287e-01 1.640282422e-01
 1.598994732e-01 1.562280506e-01 1.529417336e-01 1.499767900e-01 1.472796649e-01
 1.448062956e-01 1.425208300e-01 1.403942108e-01 1.384029388e-01 1.365279704e-01
 8.661178872e-03 1.968240179e-02 3.488253430e-02 4.515292868e-02 4.525118321e-02
 4.406134039e-02 4.295461625e-02 4.195396975e-02 4.107494280e-02 4.032601044e-02
 3.971339762e-02 3.924020007e-02 3.890807927e-02 3.871856257e-02 3.867375478e-02
 3.877666220e-02 3.903130814e-02 3.944269195e-02 4.001668841e-02 4.075993970e-02
 4.167974740e-02 4.278396815e-02 4.408094659e-02 4.557946324e-02 4.728868976e-02
 4.921817780e-02 5.137789994e-02 5.377827212e-02 5.643024296e-02 5.934543535e-02
 6.253634393e-02 6.601659954e-02 6.980131567e-02 7.390719652e-02 7.835256308e-02
 8.315651119e-02 8.833827078e-02 9.391664714e-02 9.990992397e-02 1.063339636e-01
 1.131975949e-01 1.204930022e-01 1.281768829e-01 1.361349374e-01 1.441202164e-01
 1.516744345e-01 1.581332088e-01 1.628187597e-01 1.653668284e-01 1.658241451e-01
 1.646642536e-01 1.625071913e-01 1.598199308e-01 1.569276899e-01 1.540230066e-01
 1.512095630e-01 1.485361755e-01 1.460199803e-01 1.436609179e-01 1.414503604e-01
 1.393759996e-01 1.374244839e-01 1.355827749e-01 1.338389069e-01 1.321821660e-01
 8.263010532e-03 1.884812303e-02 3.356652707e-02 4.337035865e-02 4.307744652e-02
 4.162673280e-02 4.034983739e-02 3.926720098e-02 3.838791698e-02 3.770257533e-02
 3.719734028e-02 3.685937449e-02 3.667892143e-02 3.664952889e-02 3.676766157e-02
 3.703220934e-02 3.744399920e-02 3.800537065e-02 3.871985152e-02 3.959191963e-02
 4.062677175e-02 4.183023050e-02 4.320860654e-02 4.476863518e-02 4.651740938e-02
 4.846234247e-02 5.061111972e-02 5.297167599e-02 5.555218086e-02 5.836101621e-02
 6.140675023e-02 6.469809264e-02 6.824374199e-02 7.205213606e-02 7.613090426e-02
 8.048621565e-02 8.512172103e-02 9.003717452e-02 9.522610903e-02 1.006725281e-01
 1.063457653e-01 1.121927872e-01 1.181278825e-01 1.240205988e-01 1.296864748e-01
 1.348911822e-01 1.393796951e-01 1.429354250e-01 1.454268694e-01 1.468505114e-01
 1.473123282e-01 1.469933540e-01 1.461042017e-01 1.448283195e-01 1.433121860e-01
 1.416634321e-01 1.399566084e-01 1.382407695e-01 1.365465969e-01 1.348921955e-01
 1.332872361e-01 1.317359805e-01 1.302393377e-01 1.287961751e-01 1.274043024e-01
 7.460581604e-03 1.716278493e-02 3.089443780e-02 3.987619653e-02 3.911499307e-02
 3.753099591e-02 3.623559326e-02 3.524217755e-02 3.455496207e-02 3.410077468e-02
 3.383705765e-02 3.373757005e-02 3.378633410e-02 3.397414833e-02 3.429634869e-02
 3.475135192e-02 3.533963487e-02 3.606305644e-02 3.692441061e-02 3.792717308e-02
 3.907533363e-02 4.037332907e-02 4.182594642e-02 4.343827814e-02 4.521565512e-02
 4.716358334e-02 4.928764328e-02 5.159343407e-02 5.408643931e-02 5.677191541e-02
 5.965472385e-02 6.273911148e-02 6.602839381e-02 6.952454895e-02 7.322760671e-02
 7.713488489e-02 8.123991638e-02 8.553104103e-02 8.998960257e-02 9.458760917e-02
 9.928490222e-02 1.040259972e-01 1.087372676e-01 1.133256704e-01 1.176808402e-01
 1.216823235e-01 1.252126545e-01 1.281732917e-01 1.305038035e-01 1.321892589e-01
 1.332622170e-01 1.337901801e-01 1.338581294e-01 1.335580796e-01 1.329764575e-01
 1.321880668e-01 1.312540472e-01 1.302222162e-01 1.291287243e-01 1.280001849e-01
 1.268557608e-01 1.257088929e-01 1.245688722e-01 1.234418750e-01 1.223319024e-01
 5.878951866e-03 1.362251397e-02 2.507226169e-02 3.252249584e-02 3.156296536e-02
 3.049522638e-02 2.994989604e-02 2.967092022e-02 2.956567705e-02 2.959673107e-02
 2.974372916e-02 2.999666147e-02 3.035167232e-02 3.080869466e-02 3.136993200e-02
 3.203877062e-02 3.281896934e-02 3.371423483e-02 3.472806513e-02 3.586384654e-02
 3.712494299e-02 3.851481900e-02 4.003712907e-02 4.169569910e-02 4.349448532e-02
 4.543747380e-02 4.752857611e-02 4.977149516e-02 5.216955021e-02 5.472552404e-02
 5.744141340e-02 6.031819060e-02 6.335544586e-02 6.655096263e-02 6.990021467e-02
 7.339571416e-02 7.702621073e-02 8.077578247e-02 8.462277055e-02 8.853866160e-02
 9.248700738e-02 9.642267972e-02 1.002917215e-01 1.040323675e-01 1.075776219e-01
 1.108595878e-01 1.138154641e-01 1.163943633e-01 1.185622141e-01 1.203057468e-01
 1.216320321e-01 1.225662380e-01 1.231472865e-01 1.234211251e-01 1.234359667e-01
 1.232383475e-01 1.228705496e-01 1.223693714e-01 1.217657402e-01 1.210850105e-01
 1.203475520e-01 1.195694730e-01 1.187633574e-01 1.179389209e-01 1.171036437e-01
 3.648330923e-03 7.974637672e-03 1.314085163e-02 1.750852540e-02 2.008350007e-02
 2.156007104e-02 2.256546915e-02 2.335052751e-02 2.402718738e-02 2.466019429e-02
 2.528637089e-02 2.593063004e-02 2.661219425e-02 2.734741010e-02 2.815068886e-02
 2.903417498e-02 3.000705130e-02 3.107532114e-02 3.224265575e-02 3.351157531e-02
 3.488443047e-02 3.636362776e-02 3.795180470e-02 3.965186328e-02 4.146682844e-02
 4.339970648e-02 4.545330629e-02 4.763006046e-02 4.993186146e-02 5.235985294e-02
 5.491421744e-02 5.759392306e-02 6.039643288e-02 6.331737339e-02 6.635013968e-02
 6.948546320e-02 7.271094620e-02 7.601054013e-02 7.936408371e-02 8.274691552e-02
 8.612962067e-02 8.947813511e-02 9.275425971e-02 9.591677040e-02 9.892319888e-02
 1.017321870e-01 1.043062806e-01 1.066146269e-01 1.086355001e-01 1.103576422e-01
 1.117807031e-01 1.129142419e-01 1.137757599e-01 1.143886819e-01 1.147798449e-01
 1.149772927e-01 1.150086224e-01 1.148997247e-01 1.146740764e-01 1.143523827e-01
 1.139525399e-01 1.134897396e-01 1.129767150e-01 1.124240458e-01 1.118404344e-01
 2.039042767e-03 4.357456695e-03 7.115945220e-03 9.917103685e-03 1.246456802e-02
 1.461390778e-02 1.631906629e-02 1.770035736e-02 1.889401674e-02 1.996631734e-02
 2.096108906e-02 2.191359363e-02 2.285330929e-02 2.380779572e-02 2.480675839e-02
 2.587462589e-02 2.702562883e-02 2.826371603e-02 2.958401851e-02 3.098549321e-02
 3.246866167e-02 3.403381631e-02 3.568300605e-02 3.741896525e-02 3.924458101e-02
 4.116258025e-02 4.317534342e-02 4.528474435e-02 4.749195650e-02 4.979733005e-02
 5.220016837e-02 5.469853431e-02 5.728904530e-02 5.996661261e-02 6.272420287e-02
 6.555260718e-02 6.844016910e-02 7.137258351e-02 7.433273643e-02 7.730066031e-02
 8.025359362e-02 8.316631615e-02 8.601165563e-02 8.876132965e-02 9.138701111e-02
 9.386166930e-02 9.616094083e-02 9.826453030e-02 1.001572683e-01 1.018298492e-01
 1.032790467e-01 1.045074984e-01 1.055230349e-01 1.063375920e-01 1.069661453e-01
 1.074255258e-01 1.077334136e-01 1.079074293e-01 1.079645455e-01 1.079205945e-01
 1.077900082e-01 1.075857058e-01 1.073190719e-01 1.070000380e-01 1.066371724e-01
 1.206363318e-03 2.606271068e-03 4.355436191e-03 6.285112351e-03 8.250337094e-03
 1.013764367e-02 1.183114294e-02 1.333695650e-02 1.470710989e-02 1.596832834e-02
 1.713923551e-02 1.823616773e-02 1.928156614e-02 2.030705847e-02 2.138786763e-02
 2.257837728e-02 2.390166745e-02 2.534904890e-02 2.685971931e-02 2.840930223e-02
 3.000212647e-02 3.164517879e-02 3.334561363e-02 3.510783240e-02 3.693546355e-02
 3.883164003e-02 4.079889879e-02 4.283910245e-02 4.495336860e-02 4.714190215e-02
 4.940386489e-02 5.173722655e-02 5.413858965e-02 5.660306290e-02 5.912410840e-02
 6.169344112e-02 6.430092454e-02 6.693454832e-02 6.958036870e-02 7.222266495e-02
 7.484404743e-02 7.742579281e-02 7.994824648e-02 8.239138871e-02 8.473549038e-02
 8.696186543e-02 8.905360103e-02 9.099628031e-02 9.277856350e-02 9.439259022e-02
 9.583415836e-02 9.710271657e-02 9.820108116e-02 9.913505614e-02 9.991294146e-02
 1.005448624e-01 1.010422111e-01 1.014169976e-01 1.016813517e-01 1.018471420e-01
 1.019256040e-01 1.019272059e-01 1.018615291e-01 1.017372087e-01 1.015619636e-01
 7.786732749e-04 1.703451038e-03 2.896819962e-03 4.274799488e-03 5.755372811e-03
 7.269447669e-03 8.752892725e-03 1.017533988e-02 1.152504236e-02 1.279630978e-02
 1.399161480e-02 1.511149388e-02 1.615169458e-02 1.710999571e-02 1.816103049e-02
 1.941403188e-02 2.089269832e-02 2.257785946e-02 2.425706014e-02 2.592928521e-02
 2.761144005e-02 2.931475639e-02 3.105068393e-02 3.282292560e-02 3.463830426e-02
 3.650156781e-02 3.841546178e-02 4.038202390e-02 4.240264371e-02 4.447797313e-02
 4.660762101e-02 4.878997430e-02 5.102211237e-02 5.329975113e-02 5.561720207e-02
 5.796737596e-02 6.034178659e-02 6.273059547e-02 6.512264907e-02 6.750566512e-02
 6.986634433e-02 7.219063491e-02 7.446405292e-02 7.667203993e-02 7.880035043e-02
 8.083549142e-02 8.276513964e-02 8.457850665e-02 8.626662195e-02 8.782257885e-02
 8.924163878e-02 9.052135795e-02 9.166166186e-02 9.266474843e-02 9.353495389e-02
 9.427855909e-02 9.490320086e-02 9.541747719e-02 9.583041817e-02 9.615107626e-02
 9.638821334e-02 9.655015171e-02 9.664466232e-02 9.667891264e-02 9.665947407e-02
 5.438834778e-04 1.201575971e-03 2.071564319e-03 3.109289100e-03 4.265715834e-03
 5.478793290e-03 6.726317573e-03 7.977318019e-03 9.209772572e-03 1.040837727e-02
 1.156190876e-02 1.266030129e-02 1.369225606e-02 1.465562545e-02 1.573213004e-02
 1.703062654e-02 1.856275089e-02 2.029735222e-02 2.201735973e-02 2.372190729e-02
 2.542818896e-02 2.714721486e-02 2.888601460e-02 3.064833209e-02 3.243652731e-02
 3.425351530e-02 3.610232845e-02 3.798612207e-02 3.990796208e-02 4.186973348e-02
 4.387196898e-02 4.591368884e-02 4.799249396e-02 5.010466650e-02 5.224529654e-02
 5.440835282e-02 5.658676103e-02 5.877248570e-02 6.095661595e-02 6.312950701e-02
 6.528089941e-02 6.740013510e-02 6.947635859e-02 7.149875909e-02 7.345683128e-02
 7.534061372e-02 7.714089006e-02 7.884939015e-02 8.045880497e-02 8.196282387e-02
 8.335607499e-02 8.463422209e-02 8.579418063e-02 8.683516830e-02 8.775902539e-02
 8.857012540e-02 8.927506208e-02 8.988133818e-02 9.039653838e-02 9.082797915e-02
 9.118255228e-02 9.146672487e-02 9.168656170e-02 9.184774011e-02 9.195555747e-02
 4.055955797e-04 9.026126936e-04 1.571712317e-03 2.388385357e-03 3.321154043e-03
 4.318359774e-03 5.369584542e-03 6.456009112e-03 7.560373284e-03 8.666926064e-03
 9.762273170e-03 1.083439216e-02 1.187077444e-02 1.286773756e-02 1.401498914e-02
 1.543635875e-02 1.695626602e-02 1.854971796e-02 2.018541284e-02 2.183949202e-02
 2.351315692e-02 2.520862594e-02 2.692519501e-02 2.865881845e-02 3.040393442e-02
 3.215731308e-02 3.392205015e-02 3.570570424e-02 3.751615435e-02 3.935877606e-02
 4.123492911e-02 4.314342514e-02 4.508158565e-02 4.704569280e-02 4.903117195e-02
 5.103266984e-02 5.304415524e-02 5.505895615e-02 5.706985667e-02 5.906919017e-02
 6.104895100e-02 6.300094724e-02 6.491694599e-02 6.678884476e-02 6.860885769e-02
 7.036967576e-02 7.206461579e-02 7.368765771e-02 7.523344457e-02 7.669679821e-02
 7.807163149e-02 7.934977859e-02 8.052247763e-02 8.158282191e-02 8.252988756e-02
 8.337021619e-02 8.411399275e-02 8.477155119e-02 8.535087854e-02 8.585771173e-02
 8.629683405e-02 8.667264134e-02 8.698937297e-02 8.725112677e-02 8.746188879e-02
 3.180863569e-04 7.114017499e-04 1.247321023e-03 1.912154723e-03 2.689105459e-03
 3.537440905e-03 4.431052599e-03 5.383472890e-03 6.378321908e-03 7.402316667e-03
 8.445522748e-03 9.501032531e-03 1.056561153e-02 1.165721659e-02 1.285470556e-02
 1.420067716e-02 1.562276855e-02 1.710135490e-02 1.863564923e-02 2.021014132e-02
 2.182501741e-02 2.348477021e-02 2.519950643e-02 2.692949586e-02 2.864079177e-02
 3.030647524e-02 3.193806112e-02 3.356295079e-02 3.523834795e-02 3.695647418e-02
 3.870984539e-02 4.049361497e-02 4.230348766e-02 4.413510486e-02 4.598383978e-02
 4.784473777e-02 4.971248657e-02 5.158142373e-02 5.344559997e-02 5.529882386e-02
 5.713475868e-02 5.894700810e-02 6.072926521e-02 6.247542426e-02 6.417973340e-02
 6.583695859e-02 6.744257361e-02 6.899292767e-02 7.048564404e-02 7.192040235e-02
 7.330162823e-02 7.462409884e-02 7.583425194e-02 7.691024989e-02 7.783763111e-02
 7.863858342e-02 7.936198264e-02 8.003462106e-02 8.065010607e-02 8.120742440e-02
 8.170760423e-02 8.215253055e-02 8.254452795e-02 8.288618177e-02 8.318021148e-02
 2.591087541e-04 5.811833544e-04 1.022746554e-03 1.573898015e-03 2.222221112e-03
 2.950643655e-03 3.745916765e-03 4.601497669e-03 5.509099923e-03 6.461638957e-03
 7.454025093e-03 8.484202437e-03 9.554624557e-03 1.067514531e-02 1.185902581e-02
 1.311198436e-02 1.443186495e-02 1.581397466e-02 1.725128852e-02 1.873825490e-02
 2.027374879e-02 2.185799740e-02 2.348845266e-02 2.515533008e-02 2.685471810e-02
 2.838594094e-02 2.990859374e-02 3.145417944e-02 3.303253278e-02 3.464613855e-02
 3.629172221e-02 3.796477616e-02 3.966077790e-02 4.137529060e-02 4.310387000e-02
 4.484196752e-02 4.658490792e-02 4.832785949e-02 5.006584525e-02 5.179380253e-02
 5.350662023e-02 5.519922823e-02 5.686668679e-02 5.850430578e-02 6.010774523e-02
 6.167320162e-02 6.319753826e-02 6.467850506e-02 6.611490250e-02 6.750641018e-02
 6.885190308e-02 7.014454156e-02 7.137457281e-02 7.247716933e-02 7.334928215e-02
 7.415469736e-02 7.489999384e-02 7.559463382e-02 7.624076307e-02 7.683802396e-02
 7.738623023e-02 7.788588852e-02 7.833808661e-02 7.874432206e-02 7.910639793e-02
 2.178035938e-04 4.896362079e-04 8.643071633e-04 1.335368957e-03 1.895156805e-03
 2.535679145e-03 3.246286185e-03 4.018600564e-03 4.849233199e-03 5.733387545e-03
 6.667650770e-03 7.650389336e-03 8.681912906e-03 9.763716720e-03 1.089810394e-02
 1.208679099e-02 1.332967449e-02 1.462573931e-02 1.597292535e-02 1.736955531e-02
 1.881516725e-02 2.031213790e-02 2.186974324e-02 2.345315181e-02 2.505252697e-02
 2.651452646e-02 2.795976028e-02 2.940490283e-02 3.089661524e-02 3.242352232e-02
 3.397834674e-02 3.555629775e-02 3.715324029e-02 3.876525164e-02 4.038845003e-02
 4.201890901e-02 4.365262389e-02 4.528551176e-02 4.691341519e-02 4.853214696e-02
 5.013751611e-02 5.172539875e-02 5.329179764e-02 5.483293161e-02 5.634532496e-02
 5.782592297e-02 5.927222222e-02 6.068247184e-02 6.205597892e-02 6.339390576e-02
 6.470243633e-02 6.598149985e-02 6.717955321e-02 6.826075166e-02 6.914534420e-02
 6.994359195e-02 7.069038600e-02 7.140748203e-02 7.208455354e-02 7.271845639e-02
 7.330819964e-02 7.385382056e-02 7.435591519e-02 7.481551170e-02 7.523389906e-02
 7.692791820e-01 7.719681859e-01 7.743146420e-01 7.774673104e-01 7.810618877e-01
 7.850481272e-01 7.894088030e-01 7.941772938e-01 7.992970347e-01 8.048296571e-01
 8.107792139e-01 8.171691895e-01 8.240346909e-01 8.313716054e-01 8.392271399e-01
 8.476108909e-01 8.565710187e-01 8.661386371e-01 8.763335943e-01 8.871940970e-01
 8.987684846e-01 9.110970497e-01 9.242230058e-01 9.382061362e-01 9.530943036e-01
 9.689479470e-01 9.858396053e-01 1.003832817e+00 1.023010969e+00 1.043462753e+00
 1.065284014e+00 1.088585973e+00 1.113478780e+00 1.140098095e+00 1.168595433e+00
 1.199126959e+00 1.231876969e+00 1.267072320e+00 1.304934740e+00 1.345724940e+00
 1.389766932e+00 1.437396288e+00 1.489028096e+00 1.545122862e+00 1.606230378e+00
 1.673010588e+00 1.746157050e+00 1.826587915e+00 1.915395617e+00 2.013835669e+00
 2.123485327e+00 2.246256828e+00 2.384496212e+00 2.541267633e+00 2.720418692e+00
 2.926956177e+00 3.167587042e+00 3.451339722e+00 3.790645599e+00 4.203637123e+00
 4.718915939e+00 5.384787083e+00 6.284649849e+00 7.604286671e+00 1.267288876e+01
  143   37
 2.246209383e-01 0.000000000e+00 2.244713306e-01 6.250000000e-02 2.258462608e-01
 1.250000000e-01 2.288095355e-01 1.875000000e-01 2.334889024e-01 2.500000000e-01
 2.400758862e-01 3.125000000e-01 2.418749928e-01 3.260904551e-01 2.479671985e-01
 3.750000000e-01 2.578914464e-01 4.375000000e-01 2.705525458e-01 5.000000000e-01
 2.721875012e-01 5.071048737e-01 2.849994004e-01 5.625000000e-01 3.025000095e-01
 6.239245534e-01 3.028185964e-01 6.250000000e-01 3.229720294e-01 6.875000000e-01
 3.328124881e-01 7.149477005e-01 3.465826511e-01 7.500000000e-01 3.631249964e-01
 7.902270555e-01 3.735763729e-01 8.125000000e-01 3.934375048e-01 8.559061885e-01
 4.039149880e-01 8.750000000e-01 4.237500131e-01 9.155390263e-01 4.375580549e-01
 9.375000000e-01 4.540624917e-01 9.711065888e-01 4.745127559e-01 1.000000000e+00
 4.843750000e-01 1.023086190e+00 5.146874785e-01 1.061526656e+00 5.278708339e-01
 1.089535117e+00 5.410541892e-01 1.117543459e+00 5.733395815e-01 1.096330047e+00
 6.056249738e-01 1.075116754e+00 6.179206371e-01 1.062500000e+00 6.359375119e-01
 1.055226445e+00 6.662499905e-01 1.037928224e+00 6.965625286e-01 1.016738415e+00
 7.162827253e-01 1.000000000e+00 7.268750072e-01 9.943369627e-01 7.571874857e-01
 9.743023515e-01 7.875000238e-01 9.509512782e-01 8.023144007e-01 9.375000000e-01
 8.178125024e-01 9.273434877e-01 8.481249809e-01 9.040713310e-01 8.784375191e-01
 8.773588538e-01 8.807494044e-01 8.750000000e-01 9.087499976e-01 8.527814746e-01
 9.390624762e-01 8.253538609e-01 9.515467286e-01 8.125000000e-01 9.693750143e-01
 7.974361777e-01 9.996874928e-01 7.683971524e-01 1.016725421e+00 7.500000000e-01
 1.029999971e+00 7.376489043e-01 1.060312510e+00 7.059341669e-01 1.076040268e+00
 6.875000000e-01 1.090625048e+00 6.720782518e-01 1.120937467e+00 6.361162066e-01
 1.129377365e+00 6.250000000e-01 1.151250005e+00 5.979343057e-01 1.176670551e+00
 5.625000000e-01 1.181562543e+00 5.559160113e-01 1.211874962e+00 5.108287334e-01
 1.218466878e+00 5.000000000e-01 1.242187500e+00 4.616115093e-01 1.255815148e+00
 4.375000000e-01 1.272500038e+00 4.078457057e-01 1.289851904e+00 3.750000000e-01
 1.302812457e+00 3.495829999e-01 1.321111202e+00 3.125000000e-01 1.333124995e+00
 2.858678699e-01 1.349231362e+00 2.500000000e-01 1.363437533e+00 2.122128606e-01
 1.372903109e+00 1.875000000e-01 1.390359759e+00 1.250000000e-01 1.393749952e+00
 1.033802107e-01 1.400428176e+00 6.250000000e-02 1.401970983e+00 0.000000000e+00
 1.394629836e+00-6.250000000e-02 1.393749952e+00-6.600253284e-02 1.379318953e+00
-1.250000000e-01 1.363437533e+00-1.684227437e-01 1.356518865e+00-1.875000000e-01
 1.333124995e+00-2.389268428e-01 1.328037977e+00-2.500000000e-01 1.302812457e+00
-2.985924780e-01 1.295358181e+00-3.125000000e-01 1.272500038e+00-3.529468179e-01
 1.259290457e+00-3.750000000e-01 1.242187500e+00-4.033499062e-01 1.219767451e+00
-4.375000000e-01 1.211874962e+00-4.498061240e-01 1.181562543e+00-4.926573932e-01
 1.175822854e+00-5.000000000e-01 1.151250005e+00-5.328825712e-01 1.126193166e+00
-5.625000000e-01 1.120937467e+00-5.691699386e-01 1.090625048e+00-6.037899256e-01
 1.069564462e+00-6.250000000e-01 1.060312510e+00-6.353629231e-01 1.029999971e+00
-6.656872630e-01 1.005254507e+00-6.875000000e-01 9.996874928e-01-6.931917071e-01
 9.693750143e-01-7.207436562e-01 9.390624762e-01-7.449755669e-01 9.318697453e-01
-7.500000000e-01 9.087499976e-01-7.697436213e-01 8.784375191e-01-7.923661470e-01
 8.481249809e-01-8.121018410e-01 8.474000096e-01-8.125000000e-01 8.178125024e-01
-8.335667253e-01 7.875000238e-01-8.520950675e-01 7.571874857e-01-8.677863479e-01
 7.399795651e-01-8.750000000e-01 7.268750072e-01-8.827046156e-01 6.965625286e-01
-8.965460658e-01 6.662499905e-01-9.068884254e-01 6.359375119e-01-9.134742618e-01
 6.056249738e-01-9.158096910e-01 5.753124952e-01-9.130588174e-01 5.450000167e-01
-9.038983583e-01 5.146874785e-01-8.863032460e-01 5.017259121e-01-8.750000000e-01
 4.843750000e-01-8.623976707e-01 4.540624917e-01-8.312310576e-01 4.402859211e-01
-8.125000000e-01 4.237500131e-01-7.919562459e-01 3.973861635e-01-7.500000000e-01
 3.934375048e-01-7.438320518e-01 3.633191288e-01-6.875000000e-01 3.631249964e-01
-6.871216893e-01 3.351181149e-01-6.250000000e-01 3.328124881e-01-6.193745732e-01
 3.114467263e-01-5.625000000e-01 3.025000095e-01-5.348609090e-01 2.917589247e-01
-5.000000000e-01 2.756056488e-01-4.375000000e-01 2.721875012e-01-4.219304025e-01
 2.618435323e-01-3.750000000e-01 2.507852316e-01-3.125000000e-01 2.422750592e-01
-2.500000000e-01 2.418749928e-01-2.463145554e-01 2.350118458e-01-1.875000000e-01
 2.297600806e-01-1.250000000e-01 2.263449878e-01-6.250000000e-02 2.246209383e-01
 0.000000000e+00
 1.899999976e+00 4.050000012e-01 1.555104256e+00 4.050000012e-01 1.555104256e+00
 8.225002289e-01 1.407930613e+00 8.225002289e-01 1.407930613e+00 1.033000350e+00
 1.039931059e+00 1.033000350e+00 1.039931059e+00 1.195000052e+00 1.899999976e+00
 1.195000052e+00 1.899999976e+00 1.825000048e+00 5.649306774e-01 1.825000048e+00
 5.649306774e-01 1.728081584e+00 7.835000157e-01 1.728081584e+00 7.835000157e-01
 1.715581656e+00 5.825902820e-01 1.547000051e+00 4.165000021e-01 1.547000051e+00
 2.800000012e-01 1.683500051e+00 2.800000012e-01 1.229088545e+00 1.952444017e-01
 1.083500028e+00 1.952444017e-01-1.083500028e+00 2.800000012e-01-1.229088545e+00
 2.800000012e-01-1.683500051e+00 4.165000021e-01-1.547000051e+00 5.825902820e-01
-1.547000051e+00 7.835000157e-01-1.715581656e+00 7.835000157e-01-1.728081584e+00
 5.649306774e-01-1.728081584e+00 5.649306774e-01-1.825000048e+00 1.899999976e+00
-1.825000048e+00 1.899999976e+00-1.195000052e+00 1.039931059e+00-1.195000052e+00
 1.039931059e+00-1.033000350e+00 1.407930613e+00-1.033000350e+00 1.407930613e+00
-8.225002289e-01 1.555104256e+00-8.225002289e-01 1.555104256e+00-4.050000012e-01
 1.899999976e+00-4.050000012e-01 1.899999976e+00 4.050000012e-01
    0 1.700000048e+00    0
&OUT1
ISHOT =       29034
BETAP0 =     0.500000
RZERO =     0.700000
QENP =     0.900000
ENP =      1.00000
EMP =      1.00000
PLASMA =      815401.
EXPMP2 =     0.195644     0.334795     0.265221     0.204188     0.158485
     0.132969     0.125702     0.130524     0.143562     0.165645     0.190738
     0.220343     0.252019     0.284311     0.316345     0.344154     0.366124
     0.381460     0.390015     0.389454     0.380575     0.364613     0.341927
     0.313960     0.282474     0.248548     0.215212     0.183877     0.155882
     0.132085     0.113978     0.103555     0.101707     0.111035     0.138173
     0.183778     0.247155     0.328111     0.279258    -0.397153   -0.0914924
    -0.134006   -0.0602321   -0.0899155    -0.133718   0.00484016   -0.0185492
   -0.0324832   -0.0397399   -0.0418955   -0.0394939   -0.0321028   -0.0182768
   0.00462255    -0.138852   -0.0912195   -0.0628074    -0.130648   -0.0893867
    -0.157026    -0.218697    0.0344850   -0.0136506   -0.0780370    0.0715203
    0.0567749    0.0382338    0.0188351 -0.000633692   -0.0200193   -0.0391901
   -0.0574478   -0.0721253    0.0962122    0.0276062   -0.0213297     0.213324
     0.155651
COILS =    -0.287051    -0.301343    -0.293275    -0.281673    -0.276666
    -0.276798    -0.284485    -0.296838    -0.303826    -0.289139    -0.144990
    -0.156914    -0.172856    -0.183383    -0.585393    -0.586961    -0.442435
    -0.440214     -1.24664     -1.26253     -1.06036     -1.08133     -1.14439
     -1.16596     -1.01818     -1.02219    -0.879171    -0.895697    -0.147099
    -0.158954    -0.174960    -0.183967    -0.606274    -0.606669    -0.466068
    -0.464935     -1.24671     -1.26315     -1.07178     -1.09308     -1.17505
     -1.19548     -1.21416     -1.05457    -0.892218    -0.908221
BTOR =    -0.500897
RCENTR =     0.813221
BRSP =     -37115.7      6894.28      4477.34      6824.98      4559.27
      17.9985      20.0093     -177376.     -181642.     -137554.     -148633.
     -1789.52      1548.16      780.906      713.899      603.404      477.533
     -131.761      5215.60     -7769.72      3230.11    -0.522295     0.989137
    -0.853758    -0.718155    -0.459463    -0.224422    0.0976424     0.518901
     0.805842     0.833193    -0.514491     -1.07026     -1.37614     -1.17311
    -0.924930    -0.812442     0.279014     0.624220     0.934241     0.925237
     0.801557     0.736297     -108.382     -75.2834      50.6944      42.5087
     -122.945     -109.480     -65.4916      55.5320      51.8637      39.7618
     -285.692     -564.737      886.207     -278.453      405.366     -999.902
      66.2311      790.816      470.523      264.347      274.853      146.872
     -34.6836      19.9802     -51.9170     -492.230     -3068.64     -2451.69
      2229.44      2039.25     -1565.14      2349.80      244.864      28.0955
     -81.4575     -425.757      198.266     -2.47060      71.3414     -31.5891
     -1.03647      13.8163      79.1119      134.222      48.2441      45.9986
     -447.930     -441.451     -435.545      414.070      400.411      387.556
     -1012.33     -913.521     -819.091      640.110      575.674      514.049
     -1726.02  1.27770e+06      1.54924     -2.92860
ICURRT =       2
RBDRY =     0.224621     0.225846     0.233489     0.241875     0.257891
     0.272188     0.302500     0.322972     0.346583     0.373576     0.403915
     0.437558     0.474513     0.514687     0.541054     0.605625     0.635938
     0.696563     0.726875     0.787500     0.817813     0.878438     0.908750
     0.951547     0.999687      1.03000      1.07604      1.12094      1.15125
      1.18156      1.21847      1.25582      1.28985      1.32111      1.34923
      1.37290      1.39375      1.40197      1.39375      1.36344      1.33312
      1.30281      1.27250      1.24219      1.21187      1.17582      1.12619
      1.09063      1.06031      1.00525     0.969375     0.931870     0.878438
     0.847400     0.787500     0.739980     0.696563     0.635938     0.575312
     0.514687     0.484375     0.440286     0.397386     0.363319     0.335118
     0.311447     0.291759     0.272188     0.250785     0.241875     0.229760
     0.224621      0.00000      0.00000      0.00000      0.00000      0.00000
      0.00000      0.00000      0.00000      0.00000      0.00000      0.00000
      0.00000      0.00000      0.00000      0.00000      0.00000      0.00000
      0.00000      0.00000      0.00000      0.00000      0.00000      0.00000
      0.00000      0.00000      0.00000      0.00000      0.00000      0.00000
      0.00000      0.00000      0.00000      0.00000      0.00000      0.00000
      0.00000      0.00000      0.00000      0.00000      0.00000      0.00000
      0.00000      0.00000      0.00000      0.00000      0.00000      0.00000
      0.00000      0.00000      0.00000      0.00000      0.00000      0.00000
      0.00000      0.00000      0.00000      0.00000      0.00000      0.00000
      0.00000      0.00000      0.00000      0.00000      0.00000      0.00000
      0.00000      0.00000      0.00000      0.00000      0.00000      0.00000
ZBDRY =      0.00000     0.125000     0.250000     0.326090     0.437500
     0.507105     0.623925     0.687500     0.750000     0.812500     0.875000
     0.937500      1.00000      1.06153      1.11754      1.07512      1.05523
      1.01674     0.994337     0.950951     0.927343     0.877359     0.852781
     0.812500     0.768397     0.737649     0.687500     0.636116     0.597934
     0.555916     0.500000     0.437500     0.375000     0.312500     0.250000
     0.187500     0.103380      0.00000   -0.0660025    -0.168423    -0.238927
    -0.298592    -0.352947    -0.403350    -0.449806    -0.500000    -0.562500
    -0.603790    -0.635363    -0.687500    -0.720744    -0.750000    -0.792366
    -0.812500    -0.852095    -0.875000    -0.896546    -0.913474    -0.913059
    -0.886303    -0.862398    -0.812500    -0.750000    -0.687500    -0.625000
    -0.562500    -0.500000    -0.421930    -0.312500    -0.246315    -0.125000
      0.00000      0.00000      0.00000      0.00000      0.00000      0.00000
      0.00000      0.00000      0.00000      0.00000      0.00000      0.00000
      0.00000      0.00000      0.00000      0.00000      0.00000      0.00000
      0.00000      0.00000      0.00000      0.00000      0.00000      0.00000
      0.00000      0.00000      0.00000      0.00000      0.00000      0.00000
      0.00000      0.00000      0.00000      0.00000      0.00000      0.00000
      0.00000      0.00000      0.00000      0.00000      0.00000      0.00000
      0.00000      0.00000      0.00000      0.00000      0.00000      0.00000
      0.00000      0.00000      0.00000      0.00000      0.00000      0.00000
      0.00000      0.00000      0.00000      0.00000      0.00000      0.00000
      0.00000      0.00000      0.00000      0.00000      0.00000      0.00000
      0.00000      0.00000      0.00000      0.00000      0.00000      0.00000
NBDRY =      72
FWTSI =      1.00000      1.00000      1.00000      1.00000      1.00000
      1.00000      1.00000      1.00000      1.00000      1.00000      1.00000
      1.00000      1.00000      1.00000      1.00000      1.00000      1.00000
      1.00000      1.00000      1.00000      1.00000      1.00000      1.00000
      1.00000      1.00000      1.00000      1.00000      1.00000      1.00000
      1.00000      1.00000      1.00000      1.00000      1.00000      1.00000
      1.00000      1.00000      1.00000      1.00000      1.00000      1.00000
      1.00000      1.00000      1.00000      1.00000      1.00000
,
FWTCUR =       1,
MXITER =      10,
NXITER =       1
LIMITR =          37
XLIM =      1.90000      1.55510      1.55510      1.40793      1.40793
      1.03993      1.03993      1.90000      1.90000     0.564931     0.564931
     0.783500     0.783500     0.582590     0.416500     0.280000     0.280000
     0.195244     0.195244     0.280000     0.280000     0.416500     0.582590
     0.783500     0.783500     0.564931     0.564931      1.90000      1.90000
      1.03993      1.03993      1.40793      1.40793      1.55510      1.55510
      1.90000      1.90000      0.00000      0.00000      0.00000      0.00000
      0.00000      0.00000      0.00000      0.00000      0.00000      0.00000
      0.00000      0.00000      0.00000      0.00000      0.00000      0.00000
      0.00000      0.00000      0.00000      0.00000      0.00000      0.00000
      0.00000      0.00000      0.00000      0.00000      0.00000      0.00000
YLIM =     0.405000     0.405000     0.822500     0.822500      1.03300
      1.03300      1.19500      1.19500      1.82500      1.82500      1.72808
      1.72808      1.71558      1.54700      1.54700      1.68350      1.22909
      1.08350     -1.08350     -1.22909     -1.68350     -1.54700     -1.54700
     -1.71558     -1.72808     -1.72808     -1.82500     -1.82500     -1.19500
     -1.19500     -1.03300     -1.03300    -0.822500    -0.822500    -0.405000
    -0.405000     0.405000      0.00000      0.00000      0.00000      0.00000
      0.00000      0.00000      0.00000      0.00000      0.00000      0.00000
      0.00000      0.00000      0.00000      0.00000      0.00000      0.00000
      0.00000      0.00000      0.00000      0.00000      0.00000      0.00000
      0.00000      0.00000      0.00000      0.00000      0.00000      0.00000
ERROR =       1
ICONVR =       2
ibunmn =       3
PRESSR =       0.00000      0.00000      0.00000      0.00000      0.00000
      0.00000      0.00000      0.00000      0.00000      0.00000      0.00000
      0.00000      0.00000      0.00000      0.00000      0.00000      0.00000
      0.00000      0.00000      0.00000      0.00000      0.00000      0.00000
      0.00000      0.00000      0.00000      0.00000      0.00000      0.00000
      0.00000      0.00000      0.00000      0.00000      0.00000      0.00000
      0.00000      0.00000      0.00000      0.00000      0.00000      0.00000
      0.00000      0.00000      0.00000      0.00000      0.00000      0.00000
      0.00000      0.00000      0.00000      0.00000      0.00000      0.00000
      0.00000      0.00000      0.00000      0.00000      0.00000      0.00000
      0.00000      0.00000      0.00000      0.00000      0.00000      0.00000
      0.00000      0.00000      0.00000      0.00000      0.00000      0.00000
      0.00000      0.00000      0.00000      0.00000      0.00000      0.00000
      0.00000      0.00000      0.00000      0.00000      0.00000      0.00000
      0.00000      0.00000      0.00000      0.00000      0.00000      0.00000
      0.00000
RPRESS =       0.00000      0.00000      0.00000      0.00000      0.00000
      0.00000      0.00000      0.00000      0.00000      0.00000      0.00000
      0.00000      0.00000      0.00000      0.00000      0.00000      0.00000
      0.00000      0.00000      0.00000      0.00000      0.00000      0.00000
      0.00000      0.00000      0.00000      0.00000      0.00000      0.00000
      0.00000      0.00000      0.00000      0.00000      0.00000      0.00000
      0.00000      0.00000      0.00000      0.00000      0.00000      0.00000
      0.00000      0.00000      0.00000      0.00000      0.00000      0.00000
      0.00000      0.00000      0.00000      0.00000      0.00000      0.00000
      0.00000      0.00000      0.00000      0.00000      0.00000      0.00000
      0.00000      0.00000      0.00000      0.00000      0.00000      0.00000
      0.00000      0.00000      0.00000      0.00000      0.00000      0.00000
      0.00000      0.00000      0.00000      0.00000      0.00000      0.00000
      0.00000      0.00000      0.00000      0.00000      0.00000      0.00000
      0.00000      0.00000      0.00000      0.00000      0.00000      0.00000
      0.00000
QPSI =      0.769279     0.771968     0.774315     0.777467     0.781062
     0.785048     0.789409     0.794177     0.799297     0.804830     0.810779
     0.817169     0.824035     0.831372     0.839227     0.847611     0.856571
     0.866139     0.876334     0.887194     0.898768     0.911097     0.924223
     0.938206     0.953094     0.968948     0.985840      1.00383      1.02301
      1.04346      1.06528      1.08859      1.11348      1.14010      1.16860
      1.19913      1.23188      1.26707      1.30493      1.34572      1.38977
      1.43740      1.48903      1.54512      1.60623      1.67301      1.74616
      1.82659      1.91540      2.01384      2.12349      2.24626      2.38450
      2.54127      2.72042      2.92696      3.16759      3.45134      3.79065
      4.20364      4.71892      5.38479      6.28465      7.60429      12.6729
PRESSW =       0.00000      0.00000      0.00000      0.00000      0.00000
      0.00000      0.00000      0.00000      0.00000      0.00000      0.00000
      0.00000      0.00000      0.00000      0.00000      0.00000      0.00000
      0.00000      0.00000      0.00000      0.00000      0.00000      0.00000
      0.00000      0.00000      0.00000      0.00000      0.00000      0.00000
      0.00000      0.00000      0.00000      0.00000      0.00000      0.00000
      0.00000      0.00000      0.00000      0.00000      0.00000      0.00000
      0.00000      0.00000      0.00000      0.00000      0.00000      0.00000
      0.00000      0.00000      0.00000      0.00000      0.00000      0.00000
      0.00000      0.00000      0.00000      0.00000      0.00000      0.00000
      0.00000      0.00000      0.00000      0.00000      0.00000      0.00000
      0.00000      0.00000      0.00000      0.00000      0.00000      0.00000
      0.00000      0.00000      0.00000      0.00000      0.00000      0.00000
      0.00000      0.00000      0.00000      0.00000      0.00000      0.00000
      0.00000      0.00000      0.00000      0.00000      0.00000      0.00000
      0.00000
PRES =      21277.7      21264.9      21221.8      21149.2      21048.3
      20919.9      20765.1      20584.8      20380.0      20151.7      19900.9
      19628.5      19335.6      19023.0      18691.8      18343.0      17977.5
      17596.3      17200.3      16790.7      16368.3      15934.1      15489.2
      15034.4      14570.7      14099.2      13620.8      13136.5      12647.3
      12154.1      11657.9      11159.7      10660.5      10161.3      9663.00
      9166.62      8673.13      8183.51      7698.73      7219.78      6747.64
      6283.28      5827.67      5381.81      4946.66      4523.20      4112.41
      3715.28      3332.77      2965.87      2615.55      2282.79      1968.57
      1673.87      1399.66      1146.93      916.647      709.795      527.350
      370.290      239.594      136.238      61.2024      15.4636      0.00000
NQPSI =          65
&BASIS
KPPFNC =           0
KPPFKNT =       0
PPKNT       0
PPTENS =       0
KFFFNC =           0
KFFKNT =       0
FFKNT =       0
FFTENS =       0
KWWFNC =           0
KWWKNT =       0
WWKNT =       0
WWTENS =       0
PPBDRY =       0
PP2BDRY =       0
KPPBDRY =       0
KPP2BDRY =       0
FFBDRY =       0
FF2BDRY =       0
KFFBDRY =       0
KFF2BDRY =       0
WWBDRY =       0
WW2BDRY =       0
KWWBDRY =       0
KWW2BDRY =       0
&CHIOUT
SAISIL =      0.00000      0.00000      0.00000      0.00000      0.00000
      0.00000      0.00000      0.00000      0.00000      0.00000      0.00000
      0.00000      0.00000      0.00000      0.00000      0.00000      0.00000
      0.00000      0.00000      0.00000      0.00000      0.00000      0.00000
      0.00000      0.00000      0.00000      0.00000      0.00000      0.00000
      0.00000      0.00000      0.00000      0.00000      0.00000      0.00000
      0.00000      0.00000      0.00000      0.00000      0.00000      0.00000
      0.00000      0.00000      0.00000      0.00000      0.00000
SAIMPI =      44.9425      0.00000      23.4435      1.72663  0.000830046
   0.00519061      1.08291      2.46605      6.39813      1.45254     0.581084
     0.558596      3.44084      16.0998      9.07464      9.16506      2.74640
     0.286605      9.79644     0.376086      6.74191      2.51252      3.38803
      3.68966      0.00000      5.61899      7.20184      13.8252     0.165356
     0.290468     0.400555      3.39344      3.07285    0.0563607      0.00000
    0.0270327      3.91658      2.19943      6.48667      22.9761      0.00000
      0.00000      0.00000      0.00000      0.00000      0.00000      0.00000
      0.00000      0.00000      0.00000      0.00000      0.00000      0.00000
      0.00000      0.00000      0.00000      0.00000      0.00000      0.00000
      0.00000      0.00000      0.00000      0.00000      0.00000      0.00000
      0.00000      0.00000      0.00000      0.00000      0.00000      0.00000
      0.00000      0.00000      0.00000      0.00000      0.00000      0.00000
      0.00000
SAIPR =      0.00000
SAIIP =      0.00000
                                          / MAG
