ptrpini.source.cartesian_ref X
      11038.627      10953.891      10522.662      10611.379      10611.379      10522.662      10953.891      11038.627
ptrpini.source.cartesian_ref y
     -6460.0933     -6426.6836     -7322.9761     -7370.5522     -7370.5522     -7322.9761     -6426.6836     -6460.0933
ptrpini.source.cartesian_ref Z
      459.00000      1460.0000      1460.0000      459.00000     -484.00000     -1475.0000     -1475.0000     -484.00000
ptrpini.direction.vector.cartesian_ref X
    -0.92562944    -0.92600739    -0.86303371    -0.86440146    -0.87296712    -0.87382823    -0.91638643    -0.91385788
ptrpini.direction.vector.cartesian_ref Y
     0.37640205     0.37484804     0.47622517     0.47855106     0.48472321     0.48364583     0.36914185     0.36992529
ptrpini.direction.vector.cartesian_ref Z
   -0.032137115    -0.15391447    -0.15821397   -0.044540405    0.051396672     0.16771090     0.17152488    0.050259743
